+9E255
+2920805709E155
-1384143570152E90
-49E239
+4580346221E194
+10344285303E283
-452856786079E146
-7725262259249E118
+40E104
+537623E53
-1245E311
-4829772101E253
+1824460E91
+16869472E130
-5444E18
-85044029E272
+9E238
+82371195E265
-174497387E180
-1483E133
+27171739621498E369
+894573975243E164
-1831351664E295
-822920772E315
+370971E287
+308393312E349
-6454868203E316
-24469157E255
+237E63
+4277889E282
-2069E243
-133E358
+25845E270
+133E171
-477E309
-1759E240
+4E125
+169424430E293
-547500423344E281
-130019E324
+153531E266
+323060015E111
-393E105
-3E250
+570929709E270
+49669984E17
-60119321E321
-157E97
+4E197
+118679617E135
-3834967E126
-1453E333
+789783E158
+139553218E189
-11846856E21
-70810474246E125
+2423E261
+3549E349
-470677650191E309
-148052466E91
+58702763E120
+29E354
-252699519E103
-5477E91
+521691E356
+688E70
-203273E277
-3046E335
+67E339
+28470369892E327
-9E214
-89738630203E174
+541366454416E280
+2859387916939E323
-7E92
-2434643392071E160
+202485E32
+64616354776E116
-777921739267E319
-449680329E52
+18340E202
+7E130
-103899702099E176
-39920E56
+69295E166
+28E369
-1386212E167
-18705E146
+671E157
+19041E174
-545E282
-8E341
+20E94
+25234E104
-7475659144E246
-157614E201
+29313252E335
+403871E248
-15E15
-23703253563E175
+217E33
+3E305
-51E116
-637884E192
+777E247
+5579253510E290
-4564E246
-171982736856E302
+9497295846E296
+209627301E7
-11763375182E206
-11786E117
+1321E81
+13898376E278
-47096299E130
-5037E12
+378E142
+6E20
-60E92
-7791004E222
+234636169E333
+53E166
-20E9
-8241E27
+29352651E96
+470365E337
-3502251E78
-9E256
+113E135
+10E57
-201E146
-7E241
+267E365
+6920121E291
-85E75
-8763603369E324
+12E104
+99E319
-85486E62
-35796136E149
+731E349
+97E92
-71685604655E163
-78618559601570E321
+5E278
+232165E365
-4E160
-11463E197
+29086E270
+1331E158
-131829E234
-832E24
+7E43
+1796226E35
-51494843E332
-32505E165
+51011E162
+347143026E119
-106E202
-437185651E322
+143584E112
+607660E369
-9E40
-5028493217E145
+3596E360
+13E258
-49464049E308
-29E115
+422441E252
+10025713917E45
-9653E132
-99525E337
+52328805E208
+29879E157
-35265193288E53
-325175851E95
+454E145
+177088994215E133
-83E207
-7608591E219
+231E13
+5754E297
-10E203
-156E74
+17E195
+4E223
-2E227
-72161E297
+9E16
+6E222
-65786E232
-3461804E23
+53E148
+157E303
-2103921E111
-8980649E268
+2772E79
+380038078E22
-98820E28
-4598094E172
+17139E87
+35721E242
-116313E135
-20997E218
+167392771409E332
+12587067368E239
-3E269
-4517498E20
+4E107
+10275E27
-1121922057E352
-5E231
+1372510138379E296
+6134E289
-22664969E91
-478E183
+106E105
+73E41
-12638091E55
-29E309
+564E185
+23E254
-27130E213
-7077E175
+320E367
+8013E366
-719E272
-247E128
+3E139
+663410E269
-51E163
-133799E311
+6079E194
+34318E56
-1380E201
-19721167E44
+35283365E361
+70211E104
-41460947E176
-81E288
+752706079E167
+4279244711E282
-347823835E302
-9597E61
+343057132E169
+7E195
-7240675589E104
-8311E339
+24201E343
+12636473397E132
-74081427302E272
-2367E319
+4479442E293
+316592E127
-4E222
-563174270E278
+5217235713061E17
+19098788893274E148
-23488222E104
-18191E360
+31723722814031E34
+37E147
-244E284
-2422900516684E46
+42E369
+429E21
-1273E119
-5E147
+84E261
+7E345
-7787E137
-9E181
+2E242
+853E188
-2E153
-5E62
+8622E170
+20076E206
-410729E166
-6331E285
+3E115
+2E119
-33275E176
-26460E71
+93E35
+41E170
-96E290
-1950736E332
+3877245E181
+30622794E138
-49021E101
-28E133
+9E87
+209E35
-656623E109
-10330E338
+26685011773E159
+14579874097E69
-801E194
-458185747E282
+68494E279
+2227752642251E293
-646693779E104
-1899651185523E54
+9E130
+7E167
-2051597328E194
-47E304
+9E19
+37E35
-1234639E336
-4652432249E296
+51E46
+21E235
-2E85
-113E55
+413E161
+52E50
-1294E362
-4E186
+47E314
+2E105
-223E66
-1383E267
+50592E260
+7E331
-10180E238
-94E82
+1513E71
+5E142
-31E54
-426E175
+89E277
+2257E196
-2131E79
-5839E19
+16678153E59
+39769E26
-1018E136
-477E194
+826115432E31
+1929E343
-479581E78
-743E172
+33E92
+538339885E238
-212296026E265
-39188E23
+767E366
+1561316E319
-3130593E26
-176E200
+40958634998E93
+215732515E356
-517577E275
-3423165509E68
+45356604E243
+46209918952E353
-827354448792E169
-1312541E38
+40210067263819E167
+51921612060294E101
-3708477691226E85
-114173569E344
+19E132
+5E311
-36E154
-3E142
+71E19
+2E200
-7E285
-9E288
+7E70
+599E301
-59E369
-813E366
+20639E156
+13251E118
-258E116
-8161E18
+103170E26
+6E140
-289E234
-48E309
+29267E20
+2E209
-773E296
-102211E261
+177E190
+2E195
-5E224
-68499E211
+16E296
+4E283
-94299E92
-5E346
+9E223
+69E166
-13745079E17
-661452259E246
+4661E44
+6356E178
-279880947E125
-7E127
+479E238
+17804786E228
-1672252E355
-51288181E340
+86017503E92
+654971E185
-729049E330
-10333418E87
+5E148
+7362986446725E216
-88673349323E265
-891E74
+20868459669E320
+118171E80
-365811470268E47
-839589E258
+1E133
+3E77
-2E155
-5E144
+5E337
+11E311
-5E352
-17E363
+3E319
+7E83
-7E130
-3E99
+103E281
+3E341
-1052E238
-522E76
+161E202
+161E349
-5E337
-995E179
+319E347
+29E102
-99E103
-76E125
+2992642E40
+423575E76
-903563E238
-199E190
+661E301
+9409129E86
-15274304E230
-42707669E338
+9E188
+15064377E257
-330E34
-3392531E314
+267E113
+4E356
-287E103
-33973E314
+26040044E369
+1253528E232
-48495356928E264
-1068036E366
+54745E253
+2784401E16
-87942993E200
-11E348
+129030259753E278
+366275E186
-27712026E91
-282791E112
+4732482095E25
+9368584166419E369
-18944E97
-6443409E303
+169207E269
+3765E358
-67924206E206
-159E40
+4107920345917365E128
+6665709161483479E16
-347488936807269E196
-1404620029969385E237
+324480296314123E0
+17698378896973E223
-179219534016031E312
-28480641667659E242
+236987940304658E357
+2656189828681005E170
-799062498759794E320
-127754535313565E-7
+3369260423839E344
+619364334259908E227
-6825878705789E322
-557058306478779E85
+1072424773446015E252
+4556205112330714E297
-1108774491915205E230
-406408187851867E269
+4359667707455248E251
+6608931419968751E275
-3858962398602188E22
-749131047552991E1
+1209236566373E82
+9432515724766481E166
-50641811194061E109
-110475197196274E353
+9958003897554976E334
+4398908947428223E101
-2472836914788964E316
-3826269727952231E42
+804663445401011E364
+1770671905751877E84
-587416719850681E95
-424742385094971E142
+9242712962878451E277
+4311009255365075E141
-5341725834616308E14
-870923159308069E269
+4510696662552412E316
+272689535797E91
-1156552354156788E219
-1437144465651685E202
+5805607516122145E322
+1270268211717E292
-3515906231072874E262
-228869900719E22
+260447951068375E250
+1036898715129595E-6
-2665429507406447E85
-3088533557580071E342
+800750144946501E247
+4067669201364735E120
-9471385437589474E225
-89226640725729E121
+5590455328689644E288
+3884434273343729E101
-1368502537927632E321
-231916874252285E186
+1669862969E13
+6486271532E146
-711528606969738E272
-14170129863E67
+76277381043E315
+1274717653798615E273
-197222300657E335
-353182083703E346
+741158490533E362
+92380640700042E56
-269167060789E85
-1721885328010462E193
+74550665664973E55
+5841439268078618E47
-4245627089604E152
-61160067008199E21
+1597874562517837E300
+32068067063416E63
-41373403000013E343
-72163104732329E319
+326406405844057E74
+8798648516953882E355
-1627755006128967E220
-392870380126437E172
+1448342732403992E351
+121626852159115E289
-7967167248595395E203
-6341269333E6
+1351180447036204E368
+51725261913E197
-1138181213E-5
-8091333971E256
+1469718545612512E212
+683197950493035E359
-557272905333E294
-561833409469E342
+3838621717337E64
+9514747332411491E333
-658803531761232E365
-6532232384863E318
+4672929111043754E55
+8217485668427356E48
-566545470781619E324
-322979148172461E357
+7187066176266891E176
+10918521953575E312
-1147704506058053E340
-911687215083496E209
+880420460181172E14
+512474392499852E134
-5338773841525411E312
-1187159455617279E154
+418428179298623E85
+86250851E201
-231565462745532E259
-545133353E187
+2674008733E130
+5627717949E98
-1376111607E6
-2784516223E39
+1711766041345664E88
+6316679901434432E32
-918181039010476E45
-29030437507E177
+6782349574075283E21
+1275305927848011E110
-463151258459E142
-4878168528176263E221
+4534292806069E303
+6338108888486435E219
-37944583479825E95
-1093262409603E-7
+1679146697184635E50
+7487189133704006E246
-60907410551401E109
-1041350727310636E70
+255733530092705E235
+157442447665199E39
-97825008411229E85
-304495132607483E101
+879535815486091E290
+1066521711813774E234
-762892347295955E87
-831233066603034E155
+9828775712142422E264
+1388968787475043E334
-3128602835853917E9
-6836984052460236E39
+25708419E307
+37971979550511E327
-5574886587095668E257
-234070163E35
+7303238343683635E135
+216444982964105E295
-4911702223E12
-2665157546E293
+3538368089E230
+205535335277179E212
-4387660119E361
-4650755577E110
+2343734151186265E38
+623847968603142E71
-25509712068228E146
-1259137470918363E195
+964665953147378E206
+1968215451318878E326
-1188278802327E216
-4983576678539735E126
+17281199865131E107
+23461719121651E-6
-8840999987041214E72
-1237860467533E26
+7479559285926929E289
+1204128982547753E235
-41549333479737E329
-153865533639937E31
+9653188270872964E151
+793426075660388E79
-6814448871412373E338
-6748763584677433E134
+2086343E272
+917140855110154E132
-76169E149
-3161954690487225E164
+3881313443103943E162
+16287639E171
-744626277786813E235
-91182227E215
+2879908736451773E32
+9050723499379484E91
-3347651489167782E41
-65064171E17
+6199164718721271E176
+32765767463E31
-6782258989E287
-609885567557564E324
+2014779584131183E347
+8938494969808707E271
-936362384828574E52
-6567730946224535E350
+3598116706785976E293
+5733734828741327E98
-836289654569E219
-1764421983821054E201
+2883664893841062E-1
+1392124262479E123
-256533624997E126
-6424934943890377E238
+1361029194487307E306
+586633190175612E193
-16395019416413E75
-672818938934025E166
+2878041525621751E1
+3305653806847275E282
-10860496426312E226
-1600610214574513E237
+236369419441181E313
+9560517741521819E77
-1147217023333337E175
-1651558647461739E120
+30847E111
+150677E96
-2183409E142
-215559731278317E-1
+7409873148964908E55
+3183316625273057E216
-6584997E38
-427534323213024E349
+1672717418728796E76
+10973159E59
-1088479086658403E208
-1248559974512875E21
+4822855953073832E347
+606251893E354
-1015596288246026E103
-207953539E-2
+785142177571045E82
+2332124130341839E25
-1454412521864275E177
-9361901778101192E198
+94620154123E287
+2145118426841745E193
-45954455481E-4
-281824987E70
+62946314963E56
+285423796672886E15
-1319230885287518E267
-1952622061079948E218
+1468393463387778E229
+9170311823E280
-435241021855082E177
-81879805781E5
+865175030802629E224
+95257167849517E90
-33439772397503E287
-9199182414718666E111
+1458159002814842E289
+5543067672662174E331
-40703201519721E287
-3556983455145072E41
+8288493874635737E91
+498579322041176E75
-7193681657879888E38
-573122499156351E356
+1490020328824306E121
+76861E117
-1850960155387037E172
-50437E-1
+60307E8
+1216867404381456E145
-649300871973507E219
-284081E202
+4818901797687881E194
+1318191E296
-1100008673237996E257
-4898651E24
+9426041471735564E28
+49488747E315
-2262132034201669E296
-16752471E321
+448551663E299
+5670042058285203E315
-350891013E83
-7519833925701381E23
+6010597922179929E56
+1644482399895542E344
-2738457705648748E61
-844280297E197
+2562865174805764E343
+40958835233E16
-83608085789E256
-805136271540787E119
+2670220205898193E350
+8247162856562852E323
-3195890555527163E41
-203161094419E126
+7071835227449707E226
+1154496168718603E271
-2961734858294214E247
-3558331453801083E258
+6768675172187404E61
+529939992004512E204
-15041115063929E319
-65010645434433E349
+21652957304437E288
+25726542627336E105
-3146451674119733E54
-6838252470567813E229
+4816109703727715E323
+1785107321288409E333
-2661712559270501E108
-6046219416612023E236
+992386062898174E343
+6894304324785705E69
-3785504230463959E182
-407065122506736E322
+334986560781332E312
+9653839129704132E104
-4487761698894805E262
-60233E50
+147277668328729E220
+599151E338
-4768130334904038E15
-511908069921708E96
+4357769E51
+550836348029249E283
-1846193395905714E135
-8307376051534615E175
+7751004723770512E24
+3910977945920719E90
-5396255279807102E49
-4335254124148497E191
+63650101E139
+6120690308250556E139
-3502230421835954E239
-970000137E186
+1193477999E312
+1157116599E66
-1661413443E104
-754850117E115
+4082382527324359E78
+80658139847E297
-3814411191308748E98
-2335875742910235E47
+5965207478677389E23
+1403502538887294E216
-1816807330642551E146
-8109654989073296E247
+3792937301689565E10
+2907380800144871E154
-3227805738438182E181
-5588674263711E109
+1979348411780156E304
+429553311588578E234
-46622491468567E12
-2620153816986515E158
+4788327841639E38
+798859700459243E349
-1712840993354028E278
-337204147933762E357
+3428415951882206E337
+14764581196321E91
-4162271302421133E127
-7823112405104373E207
+3E190
+1627170759656723E158
-157E258
-124098715401925E165
+6169302407048634E183
+1961E190
-2360079367024232E144
-569E87
+1368998104453801E254
+65401E229
-953546300167179E74
-9670120216664636E216
+6798347996053424E239
+76565838729246E33
-494353E83
-1490514362410816E247
+9054191393035628E331
+3238037E193
-3620844928832719E341
-1007319E183
+4685170585949178E327
+1441226818184458E51
-997528111042776E50
-3740412974916145E306
+2221262836226261E81
+5952514383736797E305
-439683153E10
-3333853847847072E119
+8348777387503017E317
+2962727183E303
-158603927620641E129
-2549012031E346
+1832700119E96
+2429649620713727E369
-8529904217E62
-6899222758056521E226
+2935245820196741E86
+6757237987972562E271
-16428949689E318
-89977300141E193
+1418265282484215E27
+1427509151013E280
-1651056315731E348
-2411831461839E65
+4812203798567E272
+9286680680518579E188
-1453002393575813E332
-6530769015457626E40
+796263533813363E83
+596709461186776E312
-6552174613075739E169
-345293581095837E313
+365441597969781E133
+7238385700125095E107
-1669382072108537E138
-4391087401869297E63
+418123558740764E210
+3425253361488984E364
-3854494028178815E288
-2178411791778667E98
+899E63
+7941319712217297E41
-121198230830017E367
-629E164
+347015607477594E188
+1121805232493842E31
-1570900443433268E44
-1607E252
+555024541698819E313
+51691E62
-174461879629859E169
-4049E101
+1480034060974633E151
+182973E158
-177069E193
-1194454319599469E319
+2448497E284
+2425456113558404E309
-397051566680242E212
-453229342728214E89
+17348283E72
+67990707E185
-10553997E301
-528328776524518E41
+3909228725260325E86
+62387286127979E11
-697326603E201
-4546907165300369E209
+1065087771E148
+861833855329818E354
-3155549977E96
-428264607982789E79
+1549319467498065E57
+5295342411997305E291
-4343552926470071E71
-79297515963E188
+3046874010146247E212
+1577689373199865E67
-98488226387567E262
-88785239976614E333
+677287895266318E359
+1165919020943E106
-737939721191E113
-6786535170560586E167
+4578231808721703E217
+27150267634949E32
-5100244936964E27
-28838700669061E230
+513960214556895E64
+125992016865325E58
-2220240705990719E276
-632255072739562E267
+3114357328597989E18
+2394175366177564E88
-1512027017303711E98
-2447085820630501E300
+1999999999999998E324
+2999999400000119E355
-1999999999999998E272
-1111110999999998E138
+3586798914286009E97
+3399972799986396E295
-1666666666666665E122
-3999887999922972E362
+499999999999998E346
+8413000105500010E232
-6503000910000663E44
-3700170040309803E335
+7400402030001906E-13
+6300004200064038E26
-8350004067024045E247
-7600000000300066E353
+1000000000500010E343
+4000000000500000E349
-7410000000000763E76
-2000000000000040E200
+8570000005070053E306
+8100227011558224E114
-8838980000561034E87
-5060050032044052E62
+9125034500000700E354
+5328002000104407E282
-3079000016000179E100
-1850060023409839E156
+7171002739301016E125
+2340000000003435E200
-7004400502001858E324
-9104200000870148E196
+8111431092412153E320
+3635000773811313E340
-5400200700114721E357
-8490003004020055E191
+4161009510204153E145
+6077150000080713E137
-9236020403134921E344
-9850154080213204E93
+9005674140535043E2
+7640490700732370E50
-8108850020108480E313
-9272670010230313E298
+2317000500008731E315
+6548310004515431E357
-6162130400610166E47
-8577501000027682E59
+8025133710825511E320
+6124335071065844E287
-8146571750307478E259
-8039422000384948E353
+8645130004099071E94
+3600463002115831E143
-7055800100806498E298
-9416190412861663E211
+4145582338532449E52
+5127135003104480E216
-9062567065828339E238
-5680813032962162E-8
+5503001009321924E230
+2224489001231021E33
-5333256306890245E276
-8687082103028950E33
+9702962246453106E14
+9954189823015500E215
-3604378512511915E355
-4098028110833629E310
+8122137454180992E19
+6230151904186743E187
-7133500028962010E111
-4506938454285064E267
+4478015630065755E332
+9745154465570856E345
-6445030655788314E28
-6992297983770876E95
+9325487489858532E365
+4732314276776972E258
-9136516922199817E49
-7834700357967459E333
+4710825949113658E332
+9945201937325337E230
-4894714687080890E80
-4073170433670456E294
+3930354124906654E172
+6283025150949679E342
-8762859496310836E225
-4871490091389154E179
+1861850679575498E-2
+6402048655569782E340
-7410701052319549E175
-4121671750061825E258
+8447372867038351E203
+8540438978563498E360
-9774215619196559E138
-2341591345478387E35
+8896797153024911E246
+7680491551459293E159
-5178663904712584E195
-1863932898415657E31
+7627765064836003E246
+8264462809917355E79
-8278145695364238E88
-3695491500369549E170
+8403361344537815E321
+7407407407407407E164
-111E275
-3048780487804878E19
+6097560975609756E78
+9259259259259259E279
-5128205128205128E6
-1631321370309951E216
+2857142857142857E341
+1923076923076923E348
-7692307692307692E199
-8333333333333333E193
+2564102564102564E54
+8333333333333333E69
-8333333333333333E95
-7692307692307692E84
+2569967361414508E38
+3496502395959793E179
-3888297002892147E61
-3389829999425492E197
+3339999969932981E151
+1666666666666666E99
-2985965959988056E314
-1666666666666666E178
+499999999999998E253
+9130100000036800E131
-5600009330453001E-9
-8700087300050024E-11
+7146010001115001E47
+2970002214000056E173
-8070000406204010E352
-4400407600015710E81
+7100100060052024E235
+6582200200205053E88
-7030106530635808E275
-6130000201170011E331
+7470100008000006E252
+1000000000000060E281
-7300300000229004E367
-4432100000070095E121
+7200700000105856E159
+5150003040500175E333
-3056006732038113E145
-5196000000000226E300
+4050100200690127E322
+4616250530000023E280
-6704101014092058E249
-7146600200000648E45
+6514500019066430E325
+5250757200194056E319
-6323030320355793E366
-3131510210004750E232
+1557600040702398E164
+5227202010003510E346
-4814250000000972E137
-9362029050000837E268
+7422061000704670E339
+5613220022331548E328
-3961552102091790E175
-7991481700646091E286
+9363006003061992E300
+4513003300026163E-7
-6401850036328082E72
-8393661002122561E121
+1509110030258572E310
+8753267390109102E324
-5451908080134105E188
-5004348000236091E285
+4893078022393094E272
+6380212020481121E130
-5418785000677402E258
-9315309406958637E340
+7891410280402167E293
+6450612600487320E257
-8307661689485625E208
-7799665102659621E38
+6113571300509577E128
+6226191704455032E275
-2521667300193548E291
-7100334104091167E136
+5603262039855218E278
+2206130315500020E179
-7116143647898905E166
-9217344239786629E161
+33333333E167
+4465080658110024E289
-3966678315478653E51
-8248236959970398E221
+3061333823146745E1
+5704506560182544E284
-5529918240158819E96
-8115723727779148E69
+9494710496782242E229
+7284382284382284E30
-2791151268955057E235
-7934996508601536E293
+6737545646871757E263
+9801999607920015E95
-9535069987413707E126
-1897425194011726E5
+4121128200056047E274
+7136026945637746E227
-7873891749736224E303
-4820856955532415E295
+2610216386938477E96
+4608294930875576E49
-6665333599946677E221
-9205560158335634E341
+9776126698602013E238
+7320108337603396E237
-6840413160954921E276
-4191114836546521E277
+1111E291
+1111E132
-8103727714748784E193
-2366303833412210E295
+3333E229
+2852253280091272E187
-7418397626112759E67
-1777145903678692E361
+3745318352059925E36
+9708737864077669E340
-6849315068493150E32
-4065040650406504E87
+6211180124223602E215
+6578947368421052E261
-2881844380403458E78
-9433962264150943E25
+99E194
+2127659574468085E359
-11E132
-2857142857142857E195
+2325581395348837E242
+7692307692307692E246
-8333333333333333E53
-11E286
+2888845150852999E320
+4046743432567676E366
-6985796861393529E201
-8215159163521981E247
+8165460943639249E233
+4091086958968494E161
-6808647761000294E355
-409189483434504E27
+3024614410833518E210
+1564616829709832E238
-2808189262950876E147
-4771310575512663E172
+29367072042799E164
+4020418480027449E189
-4508280719329493E138
-1258505249132257E258
+4439213117011779E358
+2473022218639838E369
-2701180342032416E319
-4737648111944673E123
+6580223068134185E150
+3991345349193627E50
-178512668729534E135
-5983718585272692E207
+3381715915097631E302
+383479615302871E269
-9273764189441728E34
-3780397806221017E7
+4505004069943619E24
+442933411605407E95
-5063655828771365E234
-7325811397612662E364
+1266046211266766E305
+1545606572273442E46
-2826984840099753E0
-2390069024794423E130
+1442626693922272E325
+3373169120152037E182
-170756117841983E30
-1964271223012084E178
+1608528892129411E222
+4582869231904884E299
-840803846828529E109
-7993254341905198E122
+8757717136469651E274
+138345923044804E305
-1669487826768107E166
-2406805700359561E10
+2966140105566241E239
+1741733977511078E54
-3014379590395716E260
-594065276355753E165
+2111595593413595E217
+1427532280692116E209
-1608029184761904E53
-3562607866954867E327
+1863427519515899E224
+1149795197532393E360
-8939695088004969E136
-3192298214269601E209
+846768824450976E42
+8858139010508552E220
-2144930233171102E142
-2273793605086063E256
+2065473794282503E151
+2680568503336816E237
-5928222121598953E268
-5272238480348453E13
+1761413225769432E149
+5467148835956734E121
-108376500466023E38
-1901573676849945E340
+264082455810367E319
+3363805591714613E137
-2104343196882051E71
-1325207220279939E159
+2967117702177263E117
+1183193773716087E197
-4088978716377769E86
-2359658005150564E25
+3908875906909136E31
+702387050445281E190
-8825350382852039E319
-4036137188771979E73
+1358955598729993E72
+9879250395704413E108
-2129220036150251E175
-42030264420717E369
+1159911516907793E59
+682049676861549E84
-84118906079837E251
-2930405733269E268
+4839459350055178E230
+9048241207025639E206
-6404413447649269E150
-4443846240220784E365
+908207254548567E144
+841710235708198E255
-1788826587250035E298
-6679580688643547E37
+6217740128395823E207
+1612195585465517E52
-2795833151746205E226
-1553044104603296E31
+2260381184811801E353
+433747356691482E291
-9605914144117977E175
-1512673236166414E63
+7080307864630893E73
+7718590349022897E196
-3412471022550608E367
-627840529580304E332
+5912778896474145E319
+2214304102184001E320
-927989267862339E25
-1771526438349197E223
+8540228267671613E266
+5440966250178487E214
-9867844065767824E249
-4877739886354385E353
+7368239577835471E243
+8112037958976933E293
-3045925829259331E331
-2235150948722535E162
+3129880872888486E41
+4441490290884963E137
-6623180930832053E340
-1682223829130449E79
+4234508966201886E141
+8861184403437017E81
-1709484104860672E176
-7313029731281521E351
+2691809577502551E332
+1041953726016881E116
-1956832949072626E291
-5316814635914068E264
+3656180367492513E76
+1923679657381499E230
-7418401106267477E56
-1916228834839584E241
+7978128878389488E87
+3961072577668099E264
-2347610737166508E360
-6449175874892287E154
+2197427315134461E81
+1708679563538498E254
-684243801935691E320
-1174274010667667E176
+4794491313525731E361
+613614850850876E73
-459831099323985E49
-1063954211398763E133
+1337139593337451E337
+1101824545849945E270
-5048693131818483E341
-6614112174713457E208
+370120457638931E277
+1302016913761196E205
-1831723427482231E253
-1830448022066957E170
+3383753351460798E197
+6442236057615335E179
-525636662357371E303
-6386943825653089E179
+1799442711277232E40
+1116993617547213E215
-3461770050047623E217
-3612934525216407E169
+279138181064632E336
+2319387996446443E196
-7576147396155759E246
-1682133061012119E319
+6914745601547364E149
+425315527743757E130
-8188350337109041E366
-5396570087290801E281
+4304878579663395E99
+4111931233811631E297
-279259993468458E59
-1325272875366178E296
+2868534452613192E165
+7671507724472165E79
-8525590239326084E254
-3954091146494759E288
+1583933387455643E203
+4858187307280347E94
-5729372146991907E46
-3461028958229359E340
+6448984975421118E336
+6392147507519404E273
-55941910922632E40
-1443657662715693E160
+8799318947301917E114
+490544112119893E311
-1229520963604322E279
-2068519195031851E322
+3734043161038405E295
+3006186152967807E116
-5544539465883041E138
-810260458981273E168
+1541464001856265E47
+1929645152362776E273
-1400786975241949E97
-6614879568620477E238
+8817734935621383E70
+418308481252185E196
-1334583267581469E82
-7390539381083151E357
+522303547239831E223
+5308132192132644E112
-989940699739945E198
-5869047066462789E194
+1644587417296914E251
+392214172254797E120
-3201640213575833E308
-1662964472280305E102
+2554446217764728E328
+396490089016231E218
-140540117381603E316
-3583027140834242E106
+3782249655430569E152
+5278698521052147E270
-3446971119854431E217
-320994041228373E215
+3587540322350532E119
+2241610443545341E281
-28644106788389E300
-5295562248083075E102
+341295517377324E48
+1340748286165143E273
-2970981302725593E297
-9902187080321865E161
+1675423204052606E119
+3405121036338157E271
-1964728916479949E204
-4004495469976393E287
+26597731003963E190
+279465194875931E209
-4247642214105616E259
-6835970173953687E79
+3913777869882518E244
+3798005372827137E109
-2162558574655255E74
-3157834125489075E251
+919458060992711E158
+452635798451581E178
-1228701514090457E129
-657777797063691E194
+879206073552705E331
+4245398665344551E251
-3871236624982903E297
-1658910401822478E302
+685770866231616E170
+2208011044834596E263
-1005288586513362E171
-1084953643693641E216
+5847684811789742E325
+920874732282665E365
-6163894640543431E277
-6041814717113761E211
+2740222867609041E134
+4799094004268853E143
-8208825472495155E199
-7353518095986284E66
+1230902010002365E74
+5663872404285426E207
-3671147325721719E236
-694126302183527E328
+3113671244524702E129
+6559843628478627E87
-2902356153455039E262
-779809399891263E350
+2016217257552683E147
+8427982070861644E71
-544827619203726E355
-2658963049504597E321
+1647779868000503E179
+1475155872965983E264
-8793043388797207E334
-1324270706614543E190
+1149949320992029E148
+2020974864376367E157
-134958454088329E90
-2239887995947441E282
+2050922795889388E230
+2323124939696084E368
-9270156365237801E74
-2853247600128871E313
+5001504303493879E223
+6917310860886762E172
-6991356190715853E211
-1428011939493771E157
+3569287214938757E304
+3671415835177575E258
-4450824544694329E272
-5801970213190479E246
+8577278439710125E105
+4433709777992235E281
-9400577149563387E203
-3115977835858541E365
+8579047789734213E285
+1850935949580548E369
-4646030994185694E151
-6739230652957181E204
+4270437973372009E128
+5183731910825191E133
-1139304147944469E105
-1539304085389138E226
+9785156003393036E184
+2820956850400943E336
-2355558289996065E259
-8939666646211262E88
+3077662185260954E327
+1698513637000735E156
-6527072696024569E70
-1100169849234382E175
+2178200911801093E369
+1948031701958542E289
-73377104870841E214
-9670687247359208E119
+115891159591937E219
+3218230937280647E202
-9226761574579618E185
-1079853662844411E253
+3128350115992627E100
+2501166913077507E134
-6415072465147975E121
-1498149798544421E177
+1706602709096515E133
+1997228830852369E99
-2112859316885832E195
-1472285539875897E248
+1043464383783027E304
+9653217244409649E80
-5344046572069583E210
-9296857609200051E130
+1390569389057897E173
+6125764752131482E71
-81259934199907E340
-992767339098677E92
+1279847780555762E293
+2649214392775902E137
-2212018322960037E122
-5521007172819597E162
+4085505265989974E86
+2195161989824722E234
-4899287849169487E355
-40392388926496E230
+349693153474517E152
+243905048539153E310
-9548479161946982E360
-7426439652192744E313
+4828219046804129E118
+1180827529104681E156
-980530359129435E367
-6666156848221553E110
+781043679040615E195
+3214778055343939E351
-867590059295096E346
-2793988263667698E190
+2698322856142741E282
+7794336876390204E145
-8163282205710141E81
-1689824588558012E338
+2059778589578837E85
+4237657775215871E283
-7466480927693334E101
-7589521989730709E204
+167282707829619E202
+3304427443704868E177
-3751698440163786E242
-1316045370222605E285
+1521920377688145E266
+3087755908392735E301
-2337140467079321E338
-6648436818572119E353
+762204492691442E177
+6575052733379115E340
-1868396505179837E208
-632870418805179E297
+954419129775757E148
+5111387366436251E118
-9285086253476984E332
-3309683647949469E364
+4267682719535157E113
+571078400152017E111
-4737359475202069E321
-6214012474521553E224
+9364045291302819E187
+3524600271048113E354
-1843538952873929E302
-6210744777941407E183
+4008284292084742E299
+1974762865022175E86
-803650637469205E234
-8566137019117169E157
+1822403666156492E325
+6714619214586199E156
-7757663857249823E356
-4405731752848717E169
+4780663571274709E132
+8410335046960335E276
-109950342770231E153
-2582856712905843E319
+3336171484254936E258
+2317099329413601E210
-2358206402650693E282
-5653418552776543E237
+6546456309165395E266
+5617399785304928E107
-560228098330455E259
-4875223388443313E262
+748711257096353E180
+337072000280943E334
-56071468644394E298
-2014755811639783E369
+1911425833172134E301
+7315167076985184E262
-2260792028083356E109
-6424958017993325E353
+469567462266839E311
+936316168513661E354
-7896376880879071E102
-7651861401459331E200
+2372782266311766E255
+8102073644043134E260
-1401598307349331E168
-935982045922589E143
+3832750172505181E366
+850190932588007E152
-4338614969913084E231
-1332169031946619E304
+8424183273686393E131
+418953084853072E297
-1462738214788273E151
-721857547535107E225
+834903186625841E187
+3543966174053677E141
-5755813810695452E121
-8028063707003471E314
+7926629847625241E129
+892072920221036E276
-2476554817085565E197
-2511879260033047E172
+259692117214027E333
+5010042530421464E276
-7867419112997336E197
-1677087592740618E199
+4239164844830793E136
+2625021472489755E128
-5198455901149854E352
-4719081773249714E334
+886867505480787E111
+1862594418262566E119
-3143429762517697E300
-1327631591071353E368
+2985745815285124E131
+1715504257064853E220
-4393810030228144E351
-1113603065335404E128
+6919027098238737E206
+25966034484301E197
-9289625317421227E151
-5036754912371798E113
+4267673745757083E295
+6286387419779367E295
-7079537420010717E341
-2284098179675933E141
+186159103734462E221
+1475350206324752E147
-413943118396833E165
-119832079975301E327
+6358625175909072E358
+152124072914339E216
-5621642635492409E244
-4443766195147929E202
+994436402629884E195
+1824553442407673E205
-6882065017669503E183
-8731793064419421E156
+3789692102647421E328
+2935756620887107E140
-2089295741638683E184
-1706594373048943E215
+1998197172192728E123
+3063270327773513E308
-1621817468751957E170
-405720592384506E333
+2701559853266645E189
+1688133868889791E257
-110135822380577E337
-148601662113868E333
+671641613779251E219
+3244097954016261E220
-2346835002040383E298
-2650576548171323E339
+105181207292761E257
+1936466111731473E346
-9882970897616299E238
-728579143849954E304
+2197670985052877E368
+482795628434629E111
-5540192365709741E182
-2743967985210108E359
+2297059751201463E227
+5112830116622467E362
-2103175799799369E271
-7189071482569101E210
+2146090287022464E232
+5761390933605065E142
-878998378504027E197
-3423289011520001E346
+3088229651439239E165
+3328765039022494E141
-1655305749519293E116
-9154273182292895E265
+2392613668302633E150
+724897098148819E331
-4291803651337227E166
-7180764020420075E212
+268874222686794E368
+1769555400757737E278
-2308245734885042E241
-5525734433783853E205
+838466517462503E324
+1857300261837639E339
-150083441535481E365
-6264012051659831E185
+6767572883889681E123
+445956038464097E167
-2316537796184196E337
-374271405660107E305
+593439465812561E334
+4346322585996417E240
-725297639265495E293
-7497906981934909E299
+2340601395869114E198
+644925747687989E217
-1492632258828113E131
-2895982758143756E172
+2817010028328297E209
+2249807709301291E367
-898711941701322E196
-9228085817638959E256
+354609614586239E304
+1654146426904743E227
-8191424626481949E251
-6388078914908471E301
+5709330484488339E366
+1793377981954879E208
-7902127381985701E176
-16951083539999E215
+9832689558342416E168
+1406687088967593E308
-6958498346849243E124
-1684500245310661E236
+6848380544282155E220
+5919124202034337E350
-2180171976997926E145
-9505325502388159E166
+413488436844445E322
+5797632249154023E266
-3649836013018687E356
-149164419139651E238
+3052331094631793E252
+2224225590986948E261
-829169807195372E298
-908279711204327E326
+3328659207872124E271
+1467393977582575E333
-371528169409749E189
-8775482646187001E194
+5052901366378802E266
+266276108458259E303
-1744367006376652E360
-2407510227084355E301
+806348812514187E230
+1358790105921521E246
-252501310356649E214
-497753221626405E158
+7338643513031019E315
+6612140461476964E185
-3907664200492005E205
-3069780804701162E274
+8034546559090712E273
+3525202115421719E173
-6628581084102688E176
-8835524194379452E216
+2673492495841509E216
+1974654572980195E315
-1084186591857354E323
-1897849229305947E202
+386524687143233E352
+9737690759526821E309
-8824765257979946E304
-3630072592553507E142
+3029952697619266E230
+4747010533758279E252
-399529945975906E178
-6323534033695921E228
+6166004816629453E336
+1983704678468929E353
-9243375181098566E278
-111841142956202E254
+3135837108655609E216
+9011437789978321E329
-2720935962418919E350
-9227079195715743E219
+4821902075395013E321
+4109735683862117E228
-2668705942188305E215
-7386127382850342E340
+7134803494091707E205
+1756286896784033E220
-821959037878251E326
-3663925078432702E307
+1687566701292162E228
+1164991381980898E305
-1166141554554891E313
-7169817653987722E306
+2291817201631795E345
+7143908553358401E221
-4176399619336744E188
-3946385184889453E213
+4908053986548509E354
+3135685453142993E172
-5680992995773703E346
-7975114791911102E281
+5038519866750723E300
+240230559761541E234
-4400248849690171E182
-5585598701174161E275
+8674387881055469E219
+275934649400491E158
-1807110339567573E163
-6860726350225037E188
+5616814130948008E216
+2104741365482458E267
-6525510621922157E234
-865364820156037E243
+1851900904669217E216
+8490164013392462E219
-2259781061592378E158
-2204048515905041E308
+4246789415890466E262
+773971354001183E314
-291875150121447E305
-4602688518553561E317
+968586108138603E185
+5312476737603541E191
-1779092950493864E183
-134738560094655E270
+55900701878767E202
+104290736945207E288
-1579176032080712E224
-2230344726971896E313
+4499690740576475E174
+1940097766055826E345
-1468422893795551E347
-1552247408478104E256
+4298729247856944E209
+2883094223507383E269
-2274970797190547E215
-3576043248669946E337
+9830037329825197E353
+1328388072847545E194
-4271209538753065E342
-5448548474861667E345
+4892085131507826E283
+342006402524129E262
-2223646618335986E262
-3985121401845174E304
+152607331468128E299
+3915628587815647E303
-8255514257668496E272
-50283388841893E331
+5827769583065347E320
+251145227388101E338
-4269803179758736E263
-933934707299201E202
+5885411616814872E273
+953823683306928E266
-2882111558671037E251
-3054937005682574E333
+1425322697236731E305
+9455578903953892E278
-533828985272723E289
-4667746881042707E228
+1150689869680715E218
+3758020688383262E354
-6831771365658443E237
-7191797194575541E205
+615382912369335E303
+791964464294501E286
-509768287577562E177
-379770735942337E259
+5130028468808968E324
+5173610517162587E258
-4921102155705037E329
-3065353829319289E352
+2516697611418747E224
+4185971459490172E361
-3173136975360349E299
-500722242199662E361
+744663563909308E195
+1237098461860311E215
-5301323118970847E329
-962680218373848E196
+1896556072427372E327
+1981611795216465E260
-6605552675310701E356
-1752417133416929E210
+2920700020636547E202
+5562418626646798E344
-3370781725380508E294
-149161543560023E263
+4225459960470684E239
+6952827414053301E176
-2671792841263079E323
-2543629740964946E328
+1801189408369974E219
+3447634559566476E276
-10535436944228E331
-3343827103495316E307
+2435918759501061E207
+4193023261879474E320
-4682211560377822E289
-8892369833454555E258
+2273935437020046E358
+1719837073597803E315
-2004187299519223E290
-80266369386182E209
+1576873094018885E314
+7407125125708401E213
-5401063632603961E365
-5904423711850865E211
+546579858921462E174
+9559048273315247E274
-1884298064568141E274
-4071823049399984E346
+668089122410245E329
+4706395506694525E318
-3720560079550257E313
-1231561417731379E175
+151621337415727E197
+2822696198954729E308
-1256008703497923E358
-1003544260600492E183
+2036269066520429E238
+2833088878551083E353
-6272069075321984E348
-3504733419678332E217
+3578066317432872E248
+2867480461097987E336
-5098596849593671E308
-9142116950099075E201
+7412123903995733E359
+8146625249842123E325
-7264569792516554E368
-2279109857914827E220
+223936815197829E244
+3065323397511423E195
-1550408088746227E181
-9060412838116039E284
+261695258594851E177
+6366207866876455E277
-3020987748818774E344
-95533525235812E178
+5044703741328529E235
+9014000549836161E246
-1209481479751083E235
-1601687987113199E226
+2393057909164763E201
+6063308721628891E243
-4440787439311267E206
-2257207998635304E368
+5497492390611075E185
+5240094518322969E272
-438981971391437E288
-8063049514375338E257
+6075776367782849E224
+4486213348284759E220
-2740982318179486E280
-1623686105852119E204
+4901512161337503E327
+2631175529754383E199
-3668951355051275E261
-493719134015251E277
+5251702002442198E319
+5190948208266512E251
-1389206869252013E183
-7472428496135545E298
+1049386217556654E187
+3695340569778359E243
-7528990910900585E289
-6577239736591799E300
+1325425812261E307
+8820928205163701E321
-2153215403692523E347
-1288176907243393E292
+1079960874081917E215
+2300506125364433E271
-394356368551003E197
-3514764291469023E299
+212510483256743E336
+26821384771021E293
-3103376358655679E318
-5248503407858507E264
+4484419040497413E235
+4300710897624173E267
-6061116419599575E341
-2148598013387124E351
+2695772827752867E283
+360117667627874E294
-470997210400737E309
-7690311313101995E347
+16410849357281E368
+765964601690094E227
-975557754053169E266
-2914038342648682E236
+2991744269389163E196
+3659296077822657E274
-2514832553477685E284
-2098464726718738E316
+8797106122902382E326
+4815687924588869E195
-2557537999664796E270
-1513773489172321E307
+2076412481722334E329
+1700632230029544E298
-4699237886269843E248
-5236168554992299E199
+3680086393817778E203
+3074543030100699E292
-729266308960167E366
-1451061913137526E336
+4751771286057731E240
+2916959087982209E233
-1696036619557303E245
-47313446571671E331
+3718841789792383E350
+8181891135441035E286
-5448827028531426E324
-696975741569501E333
+842617598455652E304
+1880639434283964E296
-8105618534023357E269
-3121805737739878E227
+4914713784684362E201
+668474994088109E257
-5774996493782946E344
-1719827399901137E281
+463778233947443E346
+1039175201635609E242
-2956977939493747E364
-7029070431750497E345
+680228074459296E276
+946025210607587E205
-3911698548858079E209
-128554928871626E302
+175489002533061E316
+398861952495953E329
-8480316233694091E329
-2350383886431831E263
+7677473344550241E325
+7968241214393625E204
-3412826049544509E255
-8154267568840256E324
+62659222089138E238
+2681027718434509E203
-3861332314461647E278
-2464825789125468E234
+4060047697216107E267
+8573407099438209E212
-4458201751207858E343
-9909692603528935E210
+1444793263904053E283
+167531770258642E231
-2656770248997593E292
-8027263556936291E225
+3967402635374413E320
+1001641400195923E324
-3591045240723074E232
-7202246553665815E237
+9370943911943442E345
+9669446499498612E320
-833576932881066E245
-3142189920223661E357
+1223671621078639E230
+898256738339972E348
-9449658625251487E240
-4983233536374494E317
+3732976760483231E318
+5720835340399245E356
-1536566963331867E295
-1510842629861192E311
+7651363026371379E274
+6236625927977789E284
-1664527890779644E297
-2236972919247867E315
+983823337622938E218
+3160212733011758E279
-4255878360370797E220
-950648305470297E222
+8177354278860951E310
+2472425552415126E220
-9964816079989289E242
-1501431342432289E300
+5477286672843304E242
+9933119556604567E213
-6821015929804644E231
-3706181969386119E230
+99398530510353E267
+2259751800402667E250
-3004258385807995E240
-4448391930181478E276
+9214793491108329E359
+7711912345352033E230
-3615786904911495E362
-4287595119858191E290
+6050948765740233E283
+4212637966281892E277
-1525990252137223E262
-53533763314707E324
+5307018728322957E359
+186849501868216E358
-5993022105000779E290
-3069020839660414E263
+9607159847058628E232
+924774454856568E297
-419430901185096E261
-639448174731179E233
+3589277216074779E241
+1087902265704431E323
-1557388096779153E221
-8136744377750901E356
+6774551747203449E339
+750275340563785E322
-4250903453261849E354
-9132906818061917E302
+3488307824289526E284
+1481773200487016E309
-1345884270527163E343
-348590852513873E236
+4618117226669276E347
+3264809104754327E294
-1373231236098737E275
-3341970733191276E303
+3459184443725706E255
+1324402457328424E344
-1274578341514654E275
-6578363076333765E287
+4302263015967231E354
+731233977441344E325
-3389951791040924E304
-2200096664078931E261
+346864155760168E229
+5404536914221191E366
-1916238971652081E299
-5322095280440301E341
+5331303607207235E275
+8255106705309477E347
-3560350447425391E305
-5516901089106024E287
+1471318664987159E342
+1776386469429041E357
-2523922500920608E304
-1922876617465481E240
+1289921400915296E350
+3847960813391691E308
-2258933542379125E313
-5008506757690528E366
+5645970238049119E265
+6022933095175837E310
-2013358465265802E298
-432691281808427E263
+7545402839223007E355
+4577621623596692E230
-2242399313897156E284
-2728006675994019E281
+1079595444437559E358
+1794522422405125E271
-2199791950449439E238
-2855496865655367E350
+2287254729817759E364
+1932080151624486E283
-2690205386695242E299
-1432761592630811E328
+4575396488574765E366
+5150311564438227E345
-1039380597057421E263
-2170543679880319E257
+8788049529499006E364
+3239723580036251E328
-864939824690208E322
-1988542079051271E259
+5086873426124179E261
+539685874595265E340
-2769987004378722E244
-8474250544155174E336
+1183141883433429E367
+9569848680250237E333
-2250834604357173E340
-148695743028897E262
+6842454803137301E283
+7108929717492704E278
-2415498444210207E368
-2896140062113389E269
+1272037636775394E361
+7127274800165801E335
-1783275912500064E239
-1005008871762349E238
+1241179184231729E241
+9595839740219242E328
-4224748940117619E290
-8631698236592847E369
+5063405169018919E359
+6437757764491793E278
-9759898163310172E255
-452371052315983E246
+6820013779725129E275
+1342037066198243E241
-1330351484318614E296
-2643643281996784E250
+3411693800950967E261
+8082576445174658E281
-8223760470915977E338
-2512101142039033E280
+3793858178086226E275
+1801481281462184E314
-306213075242353E369
-7049126984618939E265
+1769726059535221E246
+3347631307317875E359
-7590130693366164E319
-2113874058519121E349
+462010271516455E336
+9072887372623695E335
-333960647662741E347
-1493396856258806E321
+4275260113975031E364
+186622556964897E277
-1779983474010828E328
-5898360787888821E320
+5310887782187145E308
+7461990853728614E287
-101049293487653E274
-226890141892768E349
+1115564323762941E333
+8943233028791801E321
-9156311033631763E332
-826938628477362E335
+2541486905506798E270
+2234189783331404E351
-7958334492019764E346
-6448825718253265E367
+1858101276521414E335
+8197998182735913E335
-2411307384303358E334
-6904399861659731E302
+1508911844193279E333
+228120482533898E353
-4516195618369166E364
-3772173348955592E258
+1991960132680667E315
+2525446225125856E285
-3131450176269451E330
-7086969610382163E272
+1337994410963205E334
+1482597986514411E308
-4892255819544162E330
-1477031748029124E272
+2841350346027767E359
+412884593837547E254
-9117905102576699E344
-6275720396732567E295
+365334494280399E326
+4952686623040497E325
-1614905428413817E365
-563086744575927E290
+5381528404296499E319
+1323134737772612E359
-2294139367592459E280
-2310382151605333E270
+309504592835789E349
+9100463584144732E337
-3327619068586287E292
-7168538966481961E334
+9855683835327792E280
+994421900762061E267
-924703098617617E297
-2526333737027251E313
+4500243083502906E286
+3620545154795259E296
-2072916204488698E295
-6398634531839068E288
+2705967635209989E308
+5974171951165071E278
-7410965512476716E350
-6489578325465461E322
+2256020219266213E335
+280912233327433E325
-5975150181924356E350
-737058906670228E305
+6034148586121153E353
+1800658992414261E292
-9191817269586855E320
-2379520598494665E337
+4033358896783113E323
+2810326417124921E350
-3997725409098452E278
-8928229820744375E367
+9320712692395049E279
+5230412184773917E267
-8803514758670594E307
-847442866321161E350
+6161464000527351E303
+9615058561048854E352
-748116890715038E346
-2011923996379246E351
+4764042135633757E268
+3826526717591179E280
-6126348909882183E270
-2255213086373989E309
+1396048195805966E293
+606840688203248E294
-3731731835001319E278
-395936644723534E340
+7560798093431308E296
+321373747713614E312
-5862614175375262E335
-6390767326349347E350
+2878351753025687E303
+3658271132650581E334
-2866756388133591E351
-3421459847242434E308
+5583501466864523E337
+4771929167122203E355
-4292108692931457E331
-8479810869982896E324
+4723933121406089E317
+98313814961579E312
-975958416609943E320
-634363701148607E281
+278632375284911E297
+2400579969285794E333
-1961092696789008E347
-1286126096896683E366
+418811324443816E308
+2288233161876928E357
-3548802765760539E288
-277037896618383E309
+6518879289038859E274
+4276658081991101E303
-188964975497949E364
-445829721729334E299
+378175629407503E277
+4665402262587897E290
-131069548225229E315
-3599390961915872E355
+6902425824671867E367
+7427312060490127E302
-2252528016824513E331
-5748805316756768E351
+806804688511645E331
+9705741534241881E360
-6384945763737488E348
-5960307853917807E288
+3070294394571503E335
+3105356385126978E283
-9288938166074538E345
-8637141148241937E335
+1552866736277957E290
+365522228847187E358
-1721876915130926E340
-432017161362142E362
+1459303192257634E293
+2505580230366131E342
-9780327238870967E283
-66875770225348E356
+2697342425738371E344
+1557660966588486E346
-8333464817587056E305
-2351656521073379E361
+6415981642356073E354
+9095482466316374E326
-58390635368151E352
-1167964243920771E302
+3148294310858905E304
+2968109162813609E320
-9827470913217043E287
-9559014910433186E324
+799241050745614E300
+4617156990204083E316
-946116473866352E302
-623958348425304E368
+6328900305361851E368
+9631710856408099E358
-8652891549216422E307
-1625574025502198E313
+200584177660127E309
+632313093240949E342
-9613730178637886E295
-593281243302031E307
+1681109771084494E299
+2857123601699535E330
-2692673675450552E292
-2284046199217653E332
+2322774139428037E365
+3215662700257053E338
-1565124521253801E312
-6665088213943563E362
+5250285359369931E345
+763580813141839E345
-9390629807503433E290
-2082755610116853E349
+3529271659113459E327
+5691162325412547E368
-5255202823484934E351
-3007311783693763E353
+714711102197731E354
+4181213072423448E301
-3787876811182235E351
-2447881238265711E352
+5670135670823547E331
+2726636374295436E361
-3280794272959031E318
-4752566738489126E322
+2059982634043525E334
+5400970846801136E348
-1573742777949461E328
-2664481058121097E324
+889646349655255E299
+878733474966366E351
-3154852673362957E336
-8488185820264559E324
+4661399044584907E331
+2386672341366729E352
-1945347653748825E328
-1243713695631561E357
+6781147193217453E309
+2809030682992811E362
-6014883793688327E321
-742943644610659E348
+2048318921493926E339
+4706627384483473E352
-5303398059429771E302
-5065343678103806E328
+4262391083486295E309
+3118726187837339E343
-2820636983710882E316
-1111310806021505E352
+1288770807624033E329
+6797946573707612E342
-1100103916781638E359
-1563073028455133E329
+2537614322692029E352
+1398181064254562E351
-6164409577287409E315
-3133882924777677E332
+1002033402465703E369
+8108554634460431E338
-414610619237838E351
-2056309039108869E366
+3679292642097696E368
+9113379081256581E318
-100193819391535E342
-1842725921598251E336
+4946894062410306E359
+8524708634389903E344
-1702700137639644E327
-309597446772357E368
+3885283279039271E346
+2105189234494798E324
-5311975676061863E308
-3277117509968833E363
+5758772692390239E309
+6748020870072169E314
-5825746110009475E344
-2393298917068046E366
+733572996608753E309
+1519394475543532E347
-7092722621817131E326
-9434632632506119E349
+4794818479955294E317
+4443617139648045E356
-547400281146659E351
-507582866769991E352
+5910231293766975E338
+8956595771000217E326
-131247838115173E314
-3700334844404536E311
+2846116585585277E341
+852195216536364E369
-1647487559577743E317
-68783166762859E352
+6900605014050961E312
+1313726884604451E343
-383615970806378E317
-525259771280761E363
+2204558472102914E326
+2944031081849934E332
-3126794003320992E352
-905431650912927E358
+108019402957932E346
+8941489859097037E319
-443611155424507E313
-8713269939458445E332
+5948610233057515E325
+9255772949614346E332
-373949961008914E356
-6874443993813455E349
+1662889573896683E363
+4586877499940937E339
-407061707066043E322
-89778921981815E348
+1559630491811627E316
+193874090055721E329
-2293360074384072E369
-587792399988213E350
+5860404184061103E335
+92813225813287E320
-6395715128541221E363
-3940798239979577E346
+763182568122731E317
+446830809208814E327
-3570208730196858E323
-5570956640871783E327
+8983505606104709E335
+2558417295134229E329
-1384203700198557E330
-1016829087125969E367
+998593484490302E353
+2287192826808603E367
-1942075740214353E328
-575742505107278E325
+518434934452602E335
+6114378021628303E321
-9423783968193753E339
-2102322705639807E367
+7773196436723944E367
+2751209244392147E330
-1646624725559634E369
-1770844163218571E365
+1720691375930425E348
+370874316757621E335
-8529250341533174E333
-2922878407445952E341
+8113414308069845E334
+2456038536980703E340
-997639939176141E368
-5730080069554369E351
+932732457493196E346
+1488005890752141E368
-3846268458270085E340
-2233179550568674E355
+4425279776167588E344
+2488757182214935E357
-1826030815331274E365
-695821694737579E358
+1079295576696349E326
+327529557161031E346
-3499532150095283E329
-9245009735207326E357
+813009981206538E333
+2643657790902215E333
-4070773143304749E369
-6976555092524429E361
+244813831451963E347
+4323001311261577E344
-51245900260091E329
-3251845355389925E367
+8100184422189609E349
+311171234904227E358
-2718808066112563E366
-3271145701358146E359
+145294960371219E341
+555720528619774E354
-4120510201293193E352
-3406857216186889E351
+1741861803509887E337
+1980664416860477E363
-1634326173830747E367
-673985598760877E357
+4639713229598559E360
+2780846755408997E361
-6081193137653207E350
-1745092294663177E342
+818732567872393E359
+2217739429386551E360
-7406664415737265E368
-753188696982079E334
+7581895144345099E361
+4542556304232719E361
-2141923931025421E367
-1638308606384593E340
+2575119140764201E342
+6323017375596599E339
-4594935349014413E341
-5925637128541828E365
+732734847792592E352
+6352111006964399E363
-9815541986590517E358
-134504994373101E369
+1843810271908939E348
+5248273864004769E369
-1779077164275959E349
-2448372733884189E343
+1741893181458521E366
+8621658775341316E363
-5459691540640991E369
-428071445610879E361
+101013791243323E342
+528457763580957E349
-659982551149548E348
-853364248305819E350
+19416421106887E340
+1105947817803771E344
-3125869007195837E350
-1724828057074845E356
+9313301803076535E342
+5019732235093376E358
-1278507552917757E342
-9233029460270602E347
+6262944900318113E367
+4287233660311007E342
-1789838861268349E343
-1741096285413341E347
+3260491519284075E354
+7631103570676558E353
-6106851614878024E369
-1077073853867955E344
+4490416082662836E350
+949449947114787E365
-2540996673031154E344
-3093311948120232E354
+4927443454805958E363
+9640373480113879E358
-70800533439755E348
-1234935210038647E352
+194784613890541E351
+1149262130583802E356
-1953107877679434E367
-3937719635796767E366
+3092903730608535E357
+5502962667328371E347
-1077405356249011E362
-2747405644945783E356
+314560559107897E359
+2396066222989233E358
-5437856896897245E351
-1262795029467262E358
+4124688771620151E355
+1635043255078323E367
-9727490411401605E361
-7744206443962879E355
+2147712115599022E366
+2769579329350891E354
-2161844468398779E357
-920623011088178E367
+5142921495749833E356
+1398627516968602E353
-2176918745589058E369
-2383578225223236E355
+1407637571350214E367
+4231728108974219E356
-1628952602657932E360
-3590699608526253E358
+63516700960049E368
+260870501373223E356
-538152477060711E354
-1262062471523467E363
+8009994377742811E360
+3274643360024871E354
-1856631871363099E367
-5557643580275458E361
+1436301585366153E361
+46502467997231E357
-6185482790032249E360
-2346492925591789E363
+3622072277648466E360
+2286284165053604E368
-9739042957446003E363
-3198846123283827E360
+1337074320483642E367
+1226202149719003E369
-5707136468621653E369
-1811439286099183E359
+2947410727552232E362
+839972705695109E362
-3922699911336037E362
-9433620200684473E367
+7005666705570279E366
+1992492859456925E365
-5076235127792947E364
-8376176536878806E369
+7938014724188391E363
+542491057305078E368
-1494282344110303E364
-420273756400834E362
+3137166428761674E368
+1468383267970117E362
-249963897164963E361
-1969160138349099E362
+2091562175877041E366
+5196368536966163E365
-4437837025601017E368
-4553327418092801E365
+769929023300143E368
+7120414625455697E369
-3512490740290201E369
-9504718609021017E363
+2499923876742583E369
+803140569222554E366
-1033717698464563E367
-1497608834332919E368
+634788426557549E369
+4426756386523653E367
-464960367470344E367
-4353074584104241E365
+2576807951133718E366
+2238626159798248E369
-4478421725113336E367
-1101919720365067E367
+471872433528303E368
+1155969977019819E367
-1434461179345978E369
-6199046250494207E367
+2379481704379843E368
+6210991309417599E369
-1243732571776351E369
-188032341022221E369
+5477534513511539E369
+5002919550552834E369
-819780068199367E369
-1043479127518783E369

