+34458939354293E115
-117099E215
+377E280
-2300452938566E131
+4441E177
-5919E88
+67E225
-9E253
+10348238750973E267
-218783063E318
+130934828941E60
-123761E118
+883383E281
-98767E242
+1106960094E354
-88026E100
+9863456561579E134
-167129E107
+200127E192
-45304818143E239
+6E3
-323E208
+209544E77
-190111E57
+2397161E86
-542E24
+127E57
-24299E118
+12558623997E310
-865821E91
+4326418709E130
-18394224533E15
+2468749958E103
-706449129341E202
+60949171399E64
-54304777246E133
+128747754852311E248
-4206851E80
+403E92
-2502536131E49
+237501E108
-91E263
+238071669E269
-25442909949E124
+1521E104
-14434E357
+14126E53
-3849799357E277
+2373335643433E177
-29059E239
+1258818E248
-3090602137E41
+78725693E216
-185068E185
+3021932E353
-1374E249
+345157215711E113
-140631203923E25
+1167E65
-4466258E283
+84E255
-86295307E21
+17E272
-463527E284
+72921E19
-30485933E305
+106529E98
-20479627E40
+7121853568E36
-33E48
+56032530523E161
-7E201
+7E95
-3E52
+614661272676E283
-3E215
+226665393E343
-772E259
+93E56
-34014E323
+23049172588E173
-91139096051509E245
+6418E199
-10431586283E319
+9579E210
-4461479E7
+308E209
-29859E230
+6131694E219
-486581E202
+6961471E94
-882147743E35
+2864442702E282
-871272E272
+7E130
-242147E175
+16566E41
-258121E128
+59338932173E361
-28E201
+25507965557E343
-481945878241E71
+103173428601E260
-8744637E184
+51879072133E129
-9423E86
+9863678987E130
-77E74
+61743E80
-1960211E369
+48991E170
-83142880369E259
+29103E296
-7E99
+2E247
-12157E365
+1731989E235
-79627600E357
+7506209E285
-24E155
+41E44
-70810143E211
+135919113E368
-427916E350
+3217E281
-54833E40
+5427E299
-2640664059E121
+6389356741E242
-64318932381E320
+4604637996E231
-83368437391E136
+19735499457E12
-453147E86
+78600596679E302
-718E53
+6015431138463E273
-761264060723E58
+841023254E315
-1133187E228
+1345520925052E28
-8759987156659E285
+9421E214
-3E56
+929172E100
-26E13
+369951E218
-543E181
+1464E108
-33939E220
+93E144
-33374E354
+51266158E335
-298E343
+3E46
-5499E213
+19961E216
-12E259
+36290343E176
-7E56
+339153E266
-95568E9
+3314792543E338
-19E233
+74045511E18
-28721660919E120
+4177E70
-6755594995E263
+7500097E126
-459E333
+896426661E246
-33981874E41
+357056E170
-3185485543E221
+2794E325
-125713E283
+470984915853E233
-947E245
+7951316355203E171
-84505137E159
+3719E366
-122E82
+67368E176
-2537E305
+260289E184
-2315592E156
+635866E152
-44E82
+1698041E363
-5252061E157
+1069E147
-16E356
+18130863E231
-903379E76
+358E268
-103E111
+3395088E300
-12E357
+89417E351
-1639E207
+1808891E292
-1823491E137
+857763E244
-704573E161
+5E47
-11E140
+128195574801E110
-37439E359
+747630852987E272
-961973362E352
+4319E27
-343042591735E148
+8E83
-7199974379E90
+528231E288
-108997663033E196
+3893320515923E274
-6107318073449E338
+69133951E324
-6897326700732E70
+59E195
-553E126
+3E167
-6E205
+957E13
-19E14
+651E108
-2291E252
+743031E241
-7E111
+75273E217
-13E69
+16206E186
-1412E324
+15097E179
-2E336
+3E19
-8571E276
+19E204
-9098749E92
+11E213
-2E98
+8E78
-362203E319
+109E211
-11198107791E185
+4E276
-9676223E41
+5655433E37
-39E248
+3E108
-302926171E61
+706628E87
-17188753E253
+1638949852411E158
-10874E102
+7E363
-3E232
+2132223E276
-4993079528E20
+6E346
-7193334849959E233
+1643751623282E96
-142E334
+121E12
-5E360
+3E262
-839E234
+277E120
-4538E36
+6E244
-4457E200
+322076E139
-411E193
+149027E228
-54711E319
+1059E211
-203E175
+7E215
-1372E96
+6018153E266
-22549552E262
+1352E205
-1994E310
+2321502E346
-11309621E211
+4596239E91
-184E49
+2255E200
-286E243
+194737E280
-245013007E248
+3309748287E294
-55248747E346
+135596E272
-6234124E43
+28E222
-9E312
+772353457E187
-237E99
+19451042E102
-3E88
+4529E277
-3E327
+2734999639319E251
-10214303401682E214
+13113E187
-736493272411E77
+87643042551717E362
-19191497760697E346
+309272821E45
-66447E85
+7E336
-7E147
+107E297
-7E327
+9E221
-129E332
+3E20
-1219E196
+627E68
-9477E277
+47E316
-49E115
+6E122
-94279E51
+33E144
-7246E300
+1871E311
-693807E240
+68283E328
-20597E207
+819407E105
-16873E186
+24409E303
-3576E363
+8E323
-9839E356
+279842E246
-638826E188
+7E351
-4929323E39
+14061E304
-9496767E210
+490781669E290
-63E144
+313E117
-2304159E359
+1042608723E16
-214025E63
+69881E356
-959831841E182
+36E289
-34019E26
+11606781E107
-696E314
+1269017E139
-663E29
+46E213
-15390377E344
+19E215
-3E281
+51E297
-1348052E38
+3E251
-13E72
+2E229
-23E241
+9E364
-443E183
+109E98
-36E95
+281E313
-9E82
+93E14
-3E17
+3E227
-3E265
+101E267
-4E365
+7E357
-40921E243
+1119E149
-9323E74
+89E363
-4714946E174
+10273E87
-68E122
+164233E193
-41206901E188
+4670006E159
-568E172
+27933453E87
-146056651E100
+9767E291
-29616653E37
+127628533E160
-50842047E217
+379E366
-9E137
+18626093E339
-14243367E205
+343E258
-3603319623E256
+946129527E145
-47144E155
+353963E28
-2151E43
+46401E291
-3595063E198
+6977927E53
-121607E296
+18884652270969E235
-9E167
+486E118
-16947921855E309
+22148E63
-7239034812E303
+2631E336
-1088374789E125
+7E251
-1E307
+2E229
-1E240
+8E47
-8E73
+6E32
-3E21
+257E65
-63E301
+53E254
-249E285
+51E103
-1395E43
+4E146
-19E308
+411E182
-423E35
+8317E47
-47E205
+2673E37
-26999E282
+2741E281
-10183E259
+3E344
-16E308
+9E146
-23647E194
+75956E83
-9E298
+2E154
-2E46
+97456879E196
-9E127
+2079450E350
-251E70
+17321977E271
-2192161891E28
+9838427E281
-129114E70
+2324E15
-30445E152
+2E120
-63077E18
+4906519E131
-289238E368
+2734E184
-37171013041E36
+21E106
-5779182E198
+355999E293
-11911099E272
+11537E359
-3E15
+1298551987E287
-9184719E81
+3659216443E115
-95228371037E26
+11903691E178
-2425168884271E344
+703161346539341E227
-1095985269014439E339
+7288460832315342E159
-6132359339716867E118
+928965221004782E356
-7825648977111014E133
+1468159155856997E44
-2590886365322332E114
+4771203378925721E-1
-2530667124183993E186
+77941381405259E36
-3156182284092927E363
+9018900010768826E13
-66547042265129E130
+1700977850924324E35
-3252418681939E272
+801053805282063E105
-105455456850149E60
+869100885729133E127
-2187086477862317E88
+545956222705771E106
-1355206312773543E82
+1678260581249871E335
-3378206414160191E356
+8221758915228323E276
-758327225623E192
+518700988321E249
-5233978786613E5
+128916064739E24
-14744841607399E257
+7711375899161E42
-14290378772167E316
+421244921826059E-6
-134405449612307E274
+1390787791706473E263
-1869583018444841E216
+6272650786478E81
-1578613030654731E217
+413754542420833E344
-9507572131030921E89
+22858260887E43
-61832827679923E268
+395865835587E140
-8711244113E157
+32606987769E37
-3774743572779793E67
+2065933971633E97
-4241357475149153E337
+9137336175687E109
-67723656550379E365
+7061598144677E274
-32353362870477E17
+108526851320743E112
-145176239261179E239
+102492904075393E134
-3019084312005503E238
+1775517736200171E71
-294207961346531E258
+6937682772584599E38
-804518464701231E173
+160910024573962E347
-9056841875150863E214
+91084960619E88
-3372219771820716E293
+4956933475629551E45
-247618142431E87
+2356963326667576E25
-1634843702964307E14
+6131984826918805E-2
-31427462096771E304
+3316535967936626E275
-5591313745747E167
+128162859370552E305
-6058482899819E313
+1432912558295107E208
-232061141548346E339
+435438134272891E60
-6247779788108853E297
+757285732031831E17
-2069777071518512E41
+4355981025551701E286
-292325526702747E5
+5780932635341917E140
-2665761106866066E188
+5445422701E10
-452357147E72
+291290039E158
-1012804501086368E355
+67540859427E-7
-920332559502709E164
+4868531956246303E366
-903957636415481E105
+651303312827E149
-287554579291E2
+272501189248918E67
-1219544413661738E19
+1762726031008174E297
-694514069739E28
+278960349777E-4
-197888180397044E43
+5973603767687E306
-8556912677707E313
+46374073587153E37
-2740812738817E4
+85314524925166E185
-5704353627196317E49
+503444565163287E21
-144454090800727E152
+7266400283567569E347
-2630082678039021E227
+1248893739657441E49
-3023261981385707E207
+373084791E277
-1740078866711847E161
+165252039E103
-311710973607461E175
+3574845575341919E232
-829942871496934E264
+757148934568735E356
-3162220289957057E323
+14908286233E274
-8535495413E330
+77339051993E317
-439069200821884E185
+131947354733E341
-735528834651E252
+1346558657275183E220
-63136802851E141
+1319388470963913E59
-1219672535239E143
+4724177157211E267
-7570245707720183E369
+54048610902481E312
-241323613809E116
+1192773571232933E253
-44484101751617E292
+116675359995677E127
-6286914696284563E323
+9870626187734481E277
-1002546117780493E261
+9033612549650637E72
-6403097106248223E128
+6890400125716433E275
-7034549668286073E207
+4191131E99
-11710461E29
+11481027E354
-13044693E324
+2669973872254178E56
-723342893E36
+176091313E106
-505692997250329E328
+802134349E228
-4855562661E68
+1406844640905449E351
-1787223709751853E70
+6947613441419829E133
-289007672351E151
+6016458024589332E2
-9767168879174609E253
+307299333289E325
-400509974333E292
+2947489381753E217
-278506070097E168
+7604610707011E157
-4116863361837E37
+3645139658384288E147
-167955826959E237
+1321041647280362E256
-2800478661376262E369
+1964506706651E291
-9283184058567343E337
+72534789259389E74
-535928254774532E128
+9018158561209568E34
-4811483054139394E332
+256654976222047E212
-4520857687671723E284
+1156216115327283E25
-542297782912433E229
+4657751588646402E92
-1794161E232
+9148991924676701E215
-172563E200
+11471319E202
-1984213876853193E193
+32343041E129
-576366396020207E149
+15544239E332
-42365753E273
+236615513E323
-1929190810968066E347
+380257093E188
-34221147105523E333
+562638421330212E77
-6731051631E40
+7401528289E17
-1224462519E93
+8090975037E312
-350147539E14
+149603290759E71
-27256063867E266
+330094508065737E145
-121189067223E163
+13986917653E365
-6154307122989148E241
+1192471208377707E238
-1404398175133E126
+38952058735059E58
-55603963821853E171
+4248304593218841E289
-43943985668647E198
+180907057080289E363
-110028873186209E82
+426623468364859E138
-462265155129639E127
+9319871748709273E51
-938468969950074E287
+66510190039949E189
-371914313880113E244
+5522795054460306E254
-731151326322818E269
+49999245001797E223
-479271E366
+1270669E310
-891957E149
+670093127660566E327
-1053759E16
+32806669E289
-2009283224348621E306
+73500739E157
-750443E344
+97186559E18
-1455990441988859E11
+305338857E262
-4353767653840563E367
+6785557477E283
-675051031E340
+1151996559E188
-195093309E167
+970163970845989E78
-33396754443E172
+519460514198411E369
-3168662256484008E295
+4721668855260322E309
-474018746427E350
+449855743277E98
-40700485171E147
+1957711818827E136
-8396509483875394E85
+6633906608231E188
-6913631107573418E360
+79897969086479E141
-825127358715229E275
+217993795668062E78
-5891831904461E254
+146903587442479E76
-18248544363079E34
+1379477166015884E78
-198490428635911E324
+135669165932957E274
-6466437387733799E290
+898635626355971E327
-4191967728575081E9
+19603E245
-72576208419546E249
+45461E194
-168008825478853E367
+4567714737107079E358
-312063E221
+724437E147
-1090184898997419E164
+961929E172
-3036456451884719E70
+498173E109
-206535347117454E342
+7710819E338
-82711454850947E51
+3992923E70
-423304290288221E45
+33930174649953E67
-19374507E51
+125129718040017E283
-122445391E343
+1574686823E310
-690435063E22
+2288568141E305
-6845506615286071E169
+34462733957E23
-2125799831932617E350
+126393054220952E110
-60615142198E247
+110996058794E16
-74562650303E43
+202981653961E325
-3434597031147662E240
+1311168507827E140
-6870470134727E95
+737810081089E119
-79934516343E108
+5349733686641E305
-58113109652359E162
+5839089765171593E47
-615895701401859E17
+2749178617578411E78
-2297294013977991E261
+5117000854574E312
-84422122782851E137
+889416062608029E43
-3795798572086441E33
+3050572200174376E258
-1028813673219703E130
+3521E24
-453E298
+89E185
-431E45
+62069E55
-8227E263
+7709E105
-278296843586081E317
+374147E147
-1245781660387287E29
+125763E352
-961649E271
+2054107819789491E316
-8549597E84
+1849723E232
-1013833E192
+9642173E343
-364953E277
+4987493E318
-5996271E176
+1636727005875834E228
-56024733E228
+252122899E128
-394865560205403E181
+2229715737299536E55
-4406501813356666E301
+4463113953606257E263
-1913211868969597E252
+18995295733E289
-88025454679059E70
+94948589E269
-22023706291E320
+78274898567E344
-333373713993E151
+295587804611E221
-10067749019E120
+638008719679E357
-2321844149919E213
+2943934056483E186
-658083616377262E258
+33600217218279E63
-157023220082303E133
+348534591906491E355
-5445793431271E209
+9060032776942265E329
-1208195424896857E18
+23654965663037E89
-263116402903307E10
+326240516452551E30
-5601398163807803E276
+814557290348641E240
-45245849413909E160
+456194706865283E178
-283E210
+2238881567568546E110
-753E203
+291E185
-2918021627275561E178
+1833E224
-4696167829406888E281
+56411E114
-1310588939571928E139
+15779E294
-1317E152
+31069E129
-6275847E335
+122202499351667E285
-602159E121
+722209E37
-773305137759927E175
+437081E27
-5488633785784208E185
+14347899E41
-32310083E317
+76957769E318
-3242083E62
+258374383E287
-96523519E63
+1768734120651042E358
-31077589E249
+449713883E51
-2897886984677863E65
+27722304297E239
-2647920248769917E22
+2831202105743662E272
-7207959877E-1
+1712521883582136E306
-13713838393E142
+30326041043E282
-37064611557E97
+7421927492300872E50
-182940927069389E175
+6235209991753E341
-1180798606383989E88
+1639170338020699E20
-2006955146253892E303
+2994614813580179E96
-914211181791E180
+17800956699949E36
-7265070558053E328
+995730810934649E285
-10984557671711E56
+101720959022849E199
-2556565062394708E55
+3042852136651368E235
-253206195202151E261
+1314973623264679E230
-487318550147291E305
+21E159
-21E5
+17E81
-41E271
+519582460016679E306
-37E328
+1257E2
-27934627864517E205
+641E181
-4807E338
+919E325
-4397621932769154E117
+9151E56
-1300869989741474E307
+153713E200
-641111884454849E268
+511103E218
-2913432294029244E211
+3620675947932557E176
-522911E50
+1539487128243962E85
-396153E60
+156853E157
-3003551E280
+3602243367263855E297
-911487570751041E184
+7880482209515396E68
-99612563E328
+181273807E283
-211645969E358
+49601135224766E168
-33027717E160
+6835684398574597E221
-9466819257E15
+2116246667201721E273
-8249996541E290
+33020831737E312
-2918819923E78
+18673799011E298
-486253965677233E181
+287839735653E157
-418833082653E302
+850900965059E107
-7525947527461E36
+121749717709E10
-282741824171863E263
+7859836164214558E256
-558521237593E202
+5805549967221E152
-1690449750719816E337
+1550560035540541E342
-681153687038161E139
+228382761104359E305
-5207472976283643E311
+315504311913449E93
-257710624150429E102
+1759620191613982E351
-2882203179638617E281
+918470351381577E271
-109203284480894E69
+5000000000000005E30
-3333334000000001E-1
+5000000000000005E82
-9000000900000106E216
+2788001290000002E257
-2941200000200005E59
+6000000000000006E232
-2500070002008200E-8
+2000000000000008E9
-118863661887541E123
+153775159167231E311
-270257850073364E20
+135127793861186E368
-158730052908510E329
+119760420710358E108
-131578947363226E2
+99999999949999E13
-24999999996875E7
+13495276653170E280
-49999999999999E156
+11668611428336E50
-12345333020582E242
+11313522600306E269
-19762650441542E294
+1095886267608E3
-1876876172307E75
+3247807712905E257
-5405230032250E201
+1394505115051E232
-4273504273498E157
+1427673931144E33
-1098394147651E161
+123282807757E38
-275103105123E18
+185178302721E1
-117785588477E167
+240326295229E213
-164550817404E221
+108271740030E14
-101521254577E265
+11104110413E357
-13088164611E309
+12332204906E46
-10784380323E61
+43159248347E44
-15271115743E2
+16228153820E312
-11658407268E300
+1246085157E40
-1632830321E73
+1227510210E101
-1243870517E7
+1156720604E266
-2777420569E217
+1417273712E62
-1062000614E149
+241220634E309
-195040700E145
+110344011E123
-176031141E369
+181719029E131
-449541445E328
+187502708E85
-115113451E328
+10306131E348
-10046021E147
+27744034E7
-24401980E52
+12312030E343
-16050973E175
+14018364E251
-22188011E95
+2233132E31
-1026151E18
+1551583E335
-1430145E268
+1072330E-2
-2113131E105
+1094509E314
-1276373E30
+212277E32
-100551E134
+204302E284
-245509E70
+254430E192
-159159E22
+114118E139
-205276E185
+53710E367
-15620E25
+13494E190
-24262E107
+11838E162
-11709E5
+10231E227
-42706E330
+1124E120
-1302E207
+1931E171
-5365E335
+1311E120
-1210E287
+1208E278
-2706E196
+119E46
-135E203
+9009009009009009E92
-328E348
+164E289
-108E88
+195E361
-613E151
+35E27
-52E20
+13E169
-12E175
+39E314
-12E299
+12E273
-13E284
+3891100000000003E316
-2860000900201011E175
+2571820000520001E293
-2950000443000032E157
+2994012003000304E203
-6000000000000002E255
+3349000000000000E40
-6000000000000002E176
+2000000000000008E102
-109527825543638E224
+178571131044724E364
-114941375357722E366
+139938231242885E308
-336700085705721E182
+123915731061330E3
-227251675503067E274
+14084308552585E121
-15192488371424E268
+14224535512260E81
-16313213167744E25
+13386701636244E104
-99999999999994E75
+13698067202288E-11
-22562667809485E235
+1388753871131E198
-1941746426431E24
+3272244100500E212
-1924557351809E57
+2469074715311E35
-2166260244112E77
+1491624302644E108
-1399266745046E312
+153503722016E33
-190448722322E39
+158152017203E-8
-319334740409E126
+642013337101E194
-191306935926E12
+207716674456E221
-106814451724E90
+13473346553E20
-17815086457E31
+25242631530E184
-12513324030E73
+10680330651E59
-22158193414E366
+15620484615E287
-11913752530E238
+6626422063E50
-1142430541E36
+1834220213E172
-1998262311E75
+2043703361E88
-1567346033E230
+1845432140E102
-1073501648E20
+126720062E68
-155024036E104
+120370814E153
-128210633E323
+163570514E233
-160611823E86
+396563020E70
-140838443E225
+17846747E84
-45328238E183
+14052555E196
-10849112E201
+3000000030000000E195
-22396012E73
+25210010E311
-12123803E141
+3266550E362
-1753000E79
+1808345E267
-1232176E294
+1053218E134
-1372800E333
+3582751E128
-1260240E70
+148422E101
-102020E269
+104876E238
-527030E359
+242652E90
-140134E137
+127002E61
-207432E69
+38311E269
-21700E316
+15003E144
-10863E24
+10229E127
-13661E128
+14619E89
-23860E88
+9000900090009000E75
-9000900090009000E234
+1234E173
-4226E71
+3000300030003000E137
-3506E179
+1348E299
-5627E5
+267E331
-103E27
+146E335
-246E280
+161E152
-152E106
+347E289
-106E342
+1010101010101010E174
-47E9
+9090909090909090E236
-35E173
+43E126
-13E122
+12E315
-9090909090909090E82
+1178653410871093E35
-2613364202989887E-11
+1652055016385583E154
-1235549425350401E108
+667040105696963E123
-2132730927245693E195
+431928415642749E1
-5578435803291093E329
+5182080631869299E147
-1069428090102891E119
+5461881708577973E210
-3244897913501412E185
+8523078864825099E194
-3012278516379688E169
+2597486715146433E220
-5140080097342091E100
+4282629770512381E1
-6853199118349213E-10
+4397253087537551E40
-1241848012441662E236
+1579006187856277E210
-1234185614747084E310
+6641908259608907E225
-424397673517839E153
+1699474417218957E59
-1122327888362281E92
+2008295522912209E327
-1614319578179799E354
+1643077135139843E338
-2870104100681901E267
+1639250722339947E128
-146528806931557E-2
+9245717283710967E58
-6845271891674011E317
+969384167788669E363
-1788436334027673E233
+9888910285682671E39
-2276911918669261E182
+4282924582907997E334
-1547470403215969E186
+6331827747562071E143
-351653692809887E66
+514336773588321E256
-1538295724670821E243
+2161378248927829E92
-3163421546007003E61
+4170313255824103E200
-2056400614512531E356
+6445030900784691E128
-6483113439886747E313
+4722103503966031E107
-4474364430417853E202
+8098350985534823E151
-9778323726869307E159
+8019726744190127E315
-3870493055231517E41
+2010712159333077E145
-3617056529228341E9
+866451465391191E233
-543034065878611E160
+8837668687576189E328
-34895133676671E150
+7354678391688923E228
-5336383649932527E114
+9129872872727733E220
-416828265346747E134
+3150918666674229E103
-1307304837402409E358
+4717864930996371E223
-997477256551933E251
+9617262046140239E334
-7721875470174317E32
+3178219228981736E54
-2227207329056757E236
+6461633353208117E302
-6396170795221199E214
+6217903371400459E257
-2043761780356531E177
+2393780360878221E288
-1209527943027771E349
+2824603924460893E344
-5459730412012007E185
+947502985017174E56
-420013381532991E302
+3739380020239846E304
-768715510768301E268
+4992958141540979E201
-2340543529158613E7
+8854892272827443E318
-4581155689841667E293
+9733765983343151E126
-6640347197447136E109
+3969082754172581E148
-1890391556738763E172
+2309372624196717E228
-180741114068217E13
+6968084049244727E235
-8226017626751117E124
+5394256021839321E81
-738224642504548E342
+428190880422012E173
-3842197306857709E328
+4466454325746051E154
-1314176561103303E349
+4284224792194369E28
-3184506177213493E90
+1050496146778288E206
-3535618870386341E318
+2462169838208611E309
-795420371823891E186
+4069335440623083E15
-6648290282047763E50
+52642559625091E64
-3329827621798323E63
+2500763276959769E358
-8586005206519177E160
+2248589001497417E118
-1034500692821513E170
+669047378960353E135
-2930426893330593E31
+2541513718724821E142
-459823205405893E92
+2736127431522927E54
-4535504328655211E223
+5172947508051463E345
-2333936150951249E249
+1024341298027081E46
-4556183853686664E307
+885633135905407E246
-2093191234758039E306
+7461857625127697E211
-594075337829619E36
+3951636888267257E56
-7458917214810279E272
+4756481124472371E97
-676744887971519E124
+5345506874961229E313
-8260954532682709E159
+2269150864449018E333
-5685422939039753E148
+1339223656677207E303
-2999335907927619E126
+3537087116560251E30
-1442934183245987E236
+3269912334937549E310
-1335789204579339E137
+2148104443678071E71
-5846141698726442E215
+3978552492904839E31
-4648377336561661E319
+3114342975863223E343
-6862553607372183E259
+9823946173252189E56
-7577724020281007E123
+329124167490069E52
-527867280475468E185
+3051513118918257E117
-1625758659855637E189
+8543354700491044E141
-7620105542217521E224
+473080682139187E198
-3011620757580413E216
+7950510883891669E92
-235819094601419E216
+994145480847777E356
-6695917763602301E181
+1989679174762015E179
-2257187845790109E227
+9992989747966123E61
-4213099352756869E201
+2249926859474518E151
-5563294212906573E78
+2345144346968657E249
-4875311381693927E268
+1834818184808631E32
-921695115498592E117
+1703258053909079E300
-1529364228235291E102
+5580063014442991E340
-5616131956145809E103
+6551975181312931E235
-1562677939051017E321
+770700787619427E146
-2379484252668405E112
+9050019792961309E198
-606894778921681E307
+3357701302876829E355
-1072012462449343E61
+2465842784269291E66
-3109178748983301E129
+9655793791911947E362
-8021138422962121E242
+445260121092821E289
-6039965795130303E92
+4785058952934159E124
-2961948354390981E81
+985204815045291E109
-3460348276888672E288
+1941437944887509E266
-6888058107935589E236
+4424005053403157E358
-9159428603587199E132
+2093916998360565E308
-1223754343234297E167
+804257469569613E336
-8103041664949267E210
+1617583541368871E324
-277055899341313E49
+9415894219242269E184
-3473612640620049E295
+9094053172874327E209
-1094468602291153E213
+3097420415386801E157
-7588616725856903E288
+3238972273290929E100
-9576687761204863E306
+7491645397096029E81
-7858145804679066E191
+3665529812153171E93
-4957794249681127E303
+2705927640787347E258
-1751761395776901E140
+294733229366671E193
-2924153667207642E195
+3187110740627451E292
-1218634779308363E130
+8906257320126133E111
-1624668424619587E309
+2059410592335083E364
-4901655749109481E139
+2721279002702211E115
-637447145793103E251
+5086781422355453E294
-3375597741666041E142
+22167164157887E209
-1562971851295879E126
+678563970685873E224
-7475325449521529E205
+1527671566892131E155
-1004375042130909E335
+3663108782526111E171
-3756494608995129E306
+4119188131618303E341
-734336811787221E164
+331339327878204E258
-3488873552149289E238
+4875360881808443E287
-620589227496389E222
+936211117762713E86
-1927343786939435E166
+4855479937177737E120
-2751047753336011E115
+7267751821853597E248
-4189417525818907E155
+8269440685477511E247
-5068587305418109E202
+1656892287004587E94
-8755898791676701E54
+289623268194337E142
-2809740937261979E208
+5999639701262801E286
-991993193077304E277
+1469286538067301E221
-454542249851221E354
+4430414444292793E347
-2900678976743507E214
+4726205540279994E185
-394334493386153E93
+3516132752488899E293
-2460862740950601E335
+3118667121429993E160
-2779730771474732E72
+3757785921318764E276
-1331189794990883E352
+6249739599082377E68
-6699715328967792E102
+4534596931624761E245
-2842926953665042E160
+2181601796237829E90
-6452412782859241E234
+848767970896931E277
-2041830879444053E268
+4454121334235874E335
-2701133264691513E143
+2830543725843091E196
-3772958080034993E58
+256906608149359E352
-6552757495197029E113
+1916651036220589E204
-807932614465253E255
+1468449449527117E216
-9386753902336701E270
+5093355840531797E124
-2984729510398089E170
+3479287081072916E156
-1396748893453933E182
+295297286774931E324
-252517254874021E148
+1663327699093948E226
-5839879295362386E64
+1469749579186009E145
-2144004746417047E61
+1277050661850331E279
-1280572970203209E226
+1932408079687752E303
-1840615196974417E298
+9399690802214573E326
-50856241426093E205
+40622144707189E248
-495259248023916E96
+7030643790957647E173
-1685296593796931E344
+1023486626776121E106
-4541942321720547E277
+88818601564984E363
-4254547166280841E258
+5135031192298307E65
-7860690479895531E145
+5447067688027956E220
-1742151461267173E315
+5081889641553171E216
-4919219420217403E233
+487408369708047E250
-738044815983239E182
+6027291923577903E336
-3825134763608626E302
+1003152577640537E315
-3216083155559142E259
+7150258188325839E304
-2875856681966491E338
+1761116355178823E242
-4010396485457812E189
+5572495680642689E134
-470683922425047E358
+1617040821211273E228
-1521071414982568E308
+9623377030338273E266
-162140491823901E368
+8062886706871037E99
-7764354112863763E347
+9554032707272453E147
-3918727669053099E303
+1550067856043123E318
-1629546945312849E278
+1822712013513609E355
-7412779778319031E207
+3326885047864124E86
-4522035539712843E211
+6869995757925242E290
-2322027331785319E132
+1964284006540609E82
-795879197968511E129
+1505901895261241E325
-5378816155742362E287
+8282494561180569E76
-2625672985035688E333
+6679734100740721E249
-2069963876822707E93
+9468143351001083E98
-98700681821723E254
+3951248785313527E163
-2335316995757087E300
+474831940768179E364
-2883071938684793E107
+1389548241635958E361
-144793782332015E163
+868768153849419E345
-1130042309839632E242
+5348024570798321E245
-322213048237203E270
+1558798165902937E205
-6094085630226833E162
+6455389248567589E182
-5573264322849989E147
+5701352260598698E110
-1980341249999199E95
+8341548781016847E272
-1764487690843641E109
+7951797961935951E241
-6047643290863479E152
+353536587409879E302
-51180719984667E332
+1493228747077101E118
-5737034901776858E86
+366520744257382E338
-2038389127553295E340
+3104467990440852E130
-1139329767404773E227
+902228552838486E265
-5301741192876149E98
+5114640248018899E150
-48982705888512E269
+961017009392417E154
-8716437922793527E367
+6451633139530539E219
-620801615456623E296
+2734757158541089E129
-1441608295575623E298
+897948036216331E98
-2112671125181468E285
+114704697410247E323
-275776484196567E179
+7232064145556697E302
-744438579581594E136
+766529732949399E198
-7400319807789361E246
+3337047380765398E174
-444439570763059E219
+1596336251839403E191
-976232567230461E350
+2506201134375859E198
-2757341133850539E195
+9126713044812553E278
-7712905702938783E124
+3999933413976611E160
-8368685864748299E89
+7694076796946037E158
-1920704783551081E197
+3927628699192939E350
-271505311638907E106
+8063002941481948E149
-9248104916984819E106
+1728660338552539E358
-869762365559703E260
+1150378433716901E206
-32210696817909E201
+5992031262754378E293
-145614129545797E318
+683621881244233E96
-6753833182440287E310
+4366898877700131E231
-4529618028342381E158
+1697580671609997E332
-7789025850851093E166
+8783654616575661E312
-6236790880923457E238
+8677269195663044E277
-2309812685562621E323
+2170293068671553E343
-2391842048592464E150
+1523427038453373E336
-9102593308134059E189
+1162449967953277E268
-6924305053360871E293
+3631555342232504E133
-2364873606523819E190
+2460997746600029E269
-7041703860694653E267
+2031231857043437E331
-5866603161616639E339
+860369915570477E115
-3218932770400829E133
+7497079307034616E357
-7816980975572871E349
+6110249797447432E168
-2026511569530031E100
+2324715973917431E338
-9908396029830209E249
+3120414957640457E118
-7836324742197879E341
+2817544626550664E264
-4202233481507478E273
+1575004490932599E319
-148426163071493E357
+1641741314902261E176
-1063560730895833E176
+928449028740213E130
-7718318452272404E330
+2052713385127119E251
-2329095439909551E325
+8916838615349811E307
-9363949397140148E145
+2699086678222159E115
-9849725621592912E257
+723901361478923E229
-4493296216604903E271
+3646167740346229E279
-9552758082754693E269
+2546144862751337E291
-436729236442487E318
+365283817894668E147
-5617370381110285E335
+1834273251963761E291
-208229875225747E260
+2841653557512479E353
-2477343716211637E168
+7733913883282807E306
-3421780439531907E143
+2950665971102429E288
-4680626226631431E220
+874632004542356E140
-7113978976428791E144
+6938033606807433E259
-4070869796359166E258
+7696049750821E180
-7352955034750289E139
+7945110751704743E222
-4071831798321451E133
+647066652170523E241
-9109871206105659E175
+7692431307826908E112
-4126164026413293E369
+3332870896081523E298
-3763397360193379E121
+7949061612473223E254
-277737317494502E119
+1369981012258121E210
-262681594880369E271
+1229386617070333E250
-1990579559030199E340
+3575512783671433E285
-4597980485413702E136
+502424456745523E318
-831811940860793E342
+9435373167211752E367
-731429467669163E218
+4301124394375037E334
-5788246958292296E153
+2017515833063295E318
-1188915345794151E272
+3472538590409559E117
-5416626846785372E207
+4851738576175827E244
-641280432314657E280
+4879163417037697E162
-7653056279055357E147
+712438163650781E121
-2602233288820629E301
+946271940645697E364
-5434764572797508E320
+8517388369203133E150
-2991164916477172E182
+6967474799701802E154
-3679483931191123E248
+4163305063235303E195
-596282941519483E189
+4585373520419623E291
-8864807092380433E272
+3745076967550289E358
-5400186485196369E317
+4769381558337871E281
-8401418404677264E123
+9371047620031739E294
-1305818064721191E234
+6270519351006929E187
-6897783069621941E264
+1862072908677721E240
-2630097041925292E190
+2997917682329485E126
-6861255267551487E284
+811928408515241E316
-676392701468039E277
+277375175132579E325
-5340438137538829E185
+1344840077078121E369
-7225359671990291E257
+118328358222361E274
-1860494424558659E144
+1194277783564871E349
-589549136548328E328
+392204287844129E173
-2872537915378267E229
+5090701443612417E139
-5070443076905483E257
+3429305391674127E244
-8165835375061941E235
+8391264406023007E198
-3919252061050781E170
+4906243343313107E226
-6308052682564231E164
+7603130111075179E308
-887331838701199E303
+3707127655860517E232
-8228287122939559E195
+9176339497890319E138
-4402800439713753E197
+7497404363851149E269
-8960990061621091E253
+318734895725641E285
-7808682063119711E341
+278763170930001E185
-529394643403351E315
+3020675689827E295
-4546337720884079E226
+427286546935763E228
-5592534542375087E328
+1144017643643481E325
-1120722538862729E285
+2656957440685887E286
-844208131393151E187
+6784444626010167E179
-2827050257043578E300
+4555458707442301E151
-245725938601647E194
+1067703240278729E199
-2493799175667067E361
+4677591665713393E274
-614525399425457E252
+6722306846530063E326
-1044564380788299E276
+1514915373509547E169
-8855578643380841E152
+2039391155891513E227
-9470798881803381E251
+2275451706458842E290
-716328624925121E177
+2965271541822527E156
-1636700502315341E287
+1803820443172337E186
-1681970657648128E279
+6411417504995281E292
-958888963202807E167
+315486470429255E303
-3878093379851635E288
+2724093234940749E182
-3209243531730259E201
+5565932801443269E281
-1392408754432973E204
+3326194778864229E196
-780243424786627E203
+2736196810106299E165
-2452757843463539E289
+4174602528655147E322
-3748326108152479E297
+3543133031398828E157
-5666240804091847E339
+1377693783782037E165
-1681703883745931E230
+565742045351226E212
-4266592943137834E278
+2843000556036781E330
-267194531068011E237
+957091642075489E294
-1295205411500482E355
+1950888451482345E350
-1862697921412524E325
+2754019789260443E298
-1557968635292309E247
+2627882566163139E280
-5249185445023693E271
+4883429423517532E299
-706179467966149E296
+8475533390153669E357
-6336172425755513E207
+951449496060647E254
-2812964518083061E202
+1563100596913599E211
-727598182958457E199
+2921337904645959E332
-51082063771569E326
+42110454121533E334
-675903283827381E247
+974691451678889E316
-6018340905192853E230
+815448950017593E294
-4261257231513563E205
+229861351463913E345
-7534887167162341E174
+7329505460530711E172
-198280421678237E263
+2580464101574571E311
-4223451283503863E251
+4019630705205476E305
-502342103803741E183
+1685377088350485E168
-4565224568965041E327
+4284326915657619E179
-1211454562428479E176
+1858108257868649E239
-8363467487278104E260
+2153307964390249E260
-4482596985748977E218
+2910238998258823E224
-1097661452261329E220
+422733743981663E251
-8611756708817584E192
+29422424778751E204
-5499595859600999E186
+1962404715667483E261
-2038846595994007E322
+1787003223381757E252
-3712416000229691E259
+4406656365425698E274
-3215339677845053E192
+61278770563596E221
-968315908660647E248
+4061383843571719E237
-2237682470845062E298
+9483711932982727E309
-4150903420521877E173
+1705376195654999E290
-2763783032516367E322
+6179704124902627E225
-5325110391923337E242
+4042610298548573E351
-7789512790165673E269
+3861035497221341E205
-771594937003421E271
+3891432231308433E200
-5976837878080199E177
+3908552118964077E306
-3122335496866007E169
+1855748315483333E231
-5408743572390341E169
+7848469201351589E336
-3555827860424319E316
+763193809219972E202
-1516850707978241E335
+8080533847599311E205
-3862800469143549E272
+1236952794214459E176
-2362623911316473E322
+930755478536659E331
-1056821197137373E189
+5251352771333697E239
-3588174179028881E270
+2659426765690719E295
-389665292413423E358
+2591577861839623E211
-1006061342533209E206
+9905399968229139E316
-1838774359080693E259
+5418731675196193E204
-3308298628308453E228
+4504586566338277E329
-4179090695750431E216
+840742250560773E247
-289760838193259E278
+2612620966014479E179
-8613114677549884E222
+5009482471770778E247
-7849379473164581E328
+3690486783470089E224
-113526272794041E325
+541551576112289E173
-2690035590720177E327
+7630144889831659E365
-353751590062077E265
+4707750874886709E265
-4789173500063227E193
+459302865462663E211
-3276338437404337E222
+3039562115668232E227
-2827237365702317E365
+2801258172741859E344
-3259326370206478E233
+491854104612753E183
-7871551935707501E358
+4963743812953513E304
-5813684968068601E189
+721056150722181E194
-5247087205067031E325
+1985461844865981E295
-6168011849507011E207
+2123548470621291E235
-1307014840368979E342
+2180210326671234E185
-2108903127055413E219
+1333678519560709E176
-2103314629418677E324
+7710000411042436E301
-3315945295719621E350
+7230121421586609E364
-137912230298435E261
+5548033424805349E369
-2791865772178243E269
+2816128837502813E202
-516310370951847E368
+2668951537855189E312
-1629890111160407E301
+386735695542929E312
-8040046948863183E321
+1401828102386429E347
-214427826012358E305
+2169386801197323E342
-3444947665289227E180
+2548740970875491E364
-404580784040389E277
+6076741725459902E261
-554129262002241E292
+2066571893330382E326
-1229285075647121E330
+2956067163384227E270
-7420691268687299E346
+3985843816385706E224
-6816784968337749E352
+1482390495582691E290
-8766910919371899E274
+3032679577234999E233
-3701233485384403E301
+8387886344634823E369
-1090639711502497E254
+1243954490456723E366
-5381915593834503E310
+924663942216651E264
-1232093593087213E253
+2177368023487917E247
-805324261971614E233
+8657929329436747E207
-2979312032324449E262
+514015603737807E340
-3613429229786419E284
+4942790855449046E358
-1022870725030945E256
+5897668158917409E220
-9917347401439589E263
+1332510149155081E238
-51015534914411E292
+2131069381757366E322
-1355059717429257E290
+1489681021584017E216
-2336422415286349E206
+5540389079112991E275
-5497941880136933E264
+8174749938294142E249
-1478020757983893E211
+8926184261417151E191
-6947530933650229E332
+2648556772980327E293
-6549789865929183E323
+2212429203677218E364
-1236309167362803E286
+1935561135124409E276
-2208651847611877E244
+465346941757409E235
-1728096786145506E366
+6231559268580923E291
-631220990537533E254
+3214217110557717E233
-6211885597660283E264
+3541452795015097E314
-2117897651009419E363
+350551699660323E360
-738195798511807E271
+1334845196540629E197
-6998298258738679E227
+40987620736603E324
-3770120247138467E331
+278208395191467E319
-9071501940753664E233
+210394605354181E215
-2276445502007561E279
+1050121052360991E241
-5792927057440731E232
+959372626345561E262
-2017810402768827E270
+192392300233929E297
-5838610686257479E339
+2153169141098287E366
-1151105274408879E310
+1642614708843539E223
-4256309922567569E286
+9917076205296114E222
-1209135963988071E326
+3934715785796745E204
-552555648735672E223
+7026530925720531E293
-878815035689693E364
+4540351988250173E360
-5799652164292373E267
+1434529959441067E254
-4702752526969763E241
+458031569207642E241
-5255424384025647E307
+1748018215847851E246
-1967574706161883E367
+1091885628839256E316
-1479907956378693E247
+3525881456670319E334
-1499222026288854E369
+365069841981723E294
-5733718857081251E338
+4836490633711614E306
-284895714801671E361
+691116921012227E230
-818725208223511E363
+884722989071257E291
-1249731118515581E343
+7388711699536987E282
-2331688350891312E349
+4408627082735977E255
-9819279690354863E251
+1282564713862347E343
-247939191737887E338
+405312297390271E231
-60138411625341E256
+4382984074748717E331
-4354592008283637E219
+4408011325397717E347
-3662757609727903E229
+167758955471859E337
-1519395869683593E260
+4870123963890939E260
-1428516485428151E222
+964177295622302E283
-95574328782027E267
+1858309730341457E305
-459196009285949E295
+3180040061523839E282
-8702488484830992E264
+5309093008635819E362
-5122628149036849E301
+1125238705242851E360
-5197513496832699E358
+548325848352741E271
-3937494531356147E361
+801503005103569E339
-7988045835860044E281
+804306897832223E340
-1016761053752977E369
+570110738512837E351
-2286357317996121E352
+9583059724147808E316
-5335560010745733E333
+5797332069451279E343
-1659588567547517E307
+41970619402547E225
-396740110857666E354
+4494957391322909E222
-3251499574312146E294
+1829564329017693E302
-4170860898819E308
+9781277929225871E323
-597817528635975E261
+3091335365891349E227
-9812523979281863E228
+2144143996984801E296
-4481861122191149E323
+38992689862581E355
-7849787415266339E290
+2155352170502573E326
-1580313098272347E354
+2668231446049751E347
-8940188560360839E265
+6481732541107626E367
-1970325743095269E232
+754997093087497E250
-5651790876996013E267
+4442046488144157E235
-1566632471274403E287
+3466640402699809E306
-6568412881108349E281
+2164934540528421E247
-5284954779450199E354
+3065892175593371E244
-2620750472079002E297
+6451774198667891E316
-1734700122163497E288
+1220812969238267E337
-5622193931749771E248
+9183627792447473E317
-1487430620045843E305
+103748567943622E239
-1740867289915783E268
+5821316797195831E289
-3123614366482189E332
+3076024694638453E365
-1937905778978437E228
+4065556763485591E295
-434316010803231E253
+745965740869909E320
-639248164895843E248
+2899848515184886E290
-519004650346939E308
+2398607103097428E254
-1397317511897579E239
+5100624176290287E292
-1591153554325923E356
+1209477027739941E247
-727463079839379E289
+3696365824624579E284
-486916554438391E231
+1198263042888911E333
-938224272401899E288
+9576400450991299E300
-8913631457304241E335
+648007937639751E244
-616739032187021E369
+2444651649977343E315
-1170029137818399E318
+4144344139849076E242
-2620747134407337E329
+8448676565895551E362
-3645367692694961E250
+4441808195545131E237
-3010012959912901E318
+2839363011177351E302
-5410784320301509E273
+2338852406714447E236
-3499063201433353E257
+8307933449519006E339
-4011107488175033E345
+302793813960079E239
-853409153435513E275
+532746768387409E281
-5119384402601062E344
+912859757907063E343
-5122070401518143E264
+832676419028479E360
-1089420432008487E268
+5952811819789858E238
-1928616419944063E272
+3095677725480557E265
-6732699885239503E343
+1408282875255873E323
-119354003006233E328
+5255766804246831E238
-1292878519266701E337
+343089129121683E246
-703952093082171E272
+9623510348199077E368
-3979925897033383E369
+3111362396909582E367
-639253485694223E280
+4035135371816057E318
-625431067802323E239
+2969310195271053E250
-1617704616943714E331
+258245208917591E354
-3987042635279681E363
+1053536288078474E335
-1766991210099911E369
+8668996033813979E314
-953209184295261E360
+3075642622935677E350
-296563380805303E330
+1636339487758841E273
-816715443182063E331
+589530235267023E337
-7778386799451651E298
+9211829631419919E243
-2569676186854549E347
+1125117407482117E367
-3027626728086731E254
+1794296988858191E294
-5125453046612382E264
+3086857287685613E278
-384323032679721E279
+8648472086625219E267
-9082802684420493E293
+3685699749968049E251
-1136983482526503E338
+5791045205148389E287
-2686021001929651E295
+1481634389259239E308
-1769906208712429E329
+5137665494493602E342
-3802025617554579E267
+6139962324358741E284
-1600798840737976E296
+522495028205967E285
-2783614993630987E282
+2786584379937307E348
-4352937089396899E267
+1944488258850949E272
-1871484813418377E251
+3145935834191199E284
-396094882189982E284
+414990116154811E285
-2001598914619849E317
+1802645079012691E287
-2163164368368531E267
+1830549459025041E256
-3859205414314249E362
+90138035911364E306
-7410551586000537E336
+6041977730322167E291
-2014295386603984E349
+1138213934311289E288
-2509684514274123E314
+1943851499362107E292
-5253104607609827E350
+2944206481633901E264
-5202577170425327E369
+834523989526871E279
-2016481548315493E328
+6526638427863317E298
-1485644862601843E299
+335892207484933E259
-3334156794364637E334
+1467447824150919E306
-79221603089437E266
+2569677438097236E345
-4507210301323841E355
+216779252995191E277
-1054799955819389E289
+5624561802917824E334
-328422489000189E292
+1292627153492387E347
-9982700336438519E360
+537334560450977E330
-7645076261408768E314
+2707404238979097E342
-5070476563466229E332
+7328827873002913E333
-801442615967777E340
+505527878885391E321
-1767895424763247E351
+2462682738775261E279
-1376660758933603E307
+6563384891497397E295
-8231866096253703E305
+3239943798242159E280
-4063188573055403E325
+2215863288227137E278
-9193405372696083E339
+1865222454673061E311
-7705389614491871E294
+2721093909541429E309
-7006403198340783E282
+4612920227974073E354
-638724553546117E265
+1276520221272263E354
-65212594842567E366
+1562147120974957E326
-8779855342588331E283
+2010867579807153E331
-1670017507988039E282
+443555283561617E288
-8746302466271459E283
+1744183503552393E367
-1870789412588163E355
+457762412422869E365
-7722441994966871E326
+3173634732600871E343
-7262798007130767E342
+1800132221291583E358
-1002237617954499E296
+1649640235896299E341
-1322463547036543E325
+497759228612451E302
-993807901242103E287
+733395912698066E335
-1969122853078151E304
+5093111289691343E287
-2890741363440941E330
+803420518238261E302
-3450817098532289E284
+3078920985977059E308
-2126774037968943E315
+2472509539625146E323
-3163081210540514E328
+913392512414933E320
-238876646896426E359
+3277798986043359E344
-6387679694196281E308
+9195164148741717E294
-9996390881746289E275
+959114984414399E334
-6938332662006519E285
+850362426148033E354
-1228324405619447E333
+2014573307712663E369
-405185819484609E340
+2941480666905281E279
-9780231852753283E344
+9850271104064919E367
-1828750700402769E354
+6920769421950048E329
-2490636372511249E289
+582899899063063E278
-268313670990117E343
+1200766315292892E314
-2026476265420727E294
+6831390223739817E315
-170081000558337E286
+2157485284537857E298
-2037084246113195E358
+2006921027662712E312
-3654007159045577E364
+924542521154181E302
-1380386112653341E312
+3923953218936671E358
-9668341295149561E290
+7022913871130557E308
-8565606391958021E286
+5732870012584941E356
-263654200330884E307
+76495152737099E366
-1796704742581181E293
+7259953421316978E306
-441907595188043E304
+1208934768004817E345
-4503437409930318E289
+2871557845616293E297
-1382298013638001E325
+8126957550892739E299
-974707636242707E349
+4024173358896507E348
-4392294851027466E332
+357038817106878E365
-962432497670053E328
+4978958537036833E353
-4071320777080117E337
+9914803794401809E351
-2466417237218111E285
+3015513846405891E286
-118231255061034E296
+4394578500311E347
-7097994652071789E341
+3691707066427523E346
-1332966283634339E313
+1715332022190181E360
-5254831968127807E348
+1519834849600491E357
-1654664058989657E326
+4757186479339817E364
-1077806315962625E324
+682556118701908E292
-4138811202901067E319
+4315393718011602E345
-1526583272783267E295
+3059433645190261E313
-208549768053537E313
+207137606824367E368
-6677472960041361E309
+1572622782551631E332
-795268700222832E291
+2740441093821899E308
-3008395404916029E306
+5404818225940969E306
-538465136831211E359
+268956149651347E309
-5933186994444899E308
+3317066632089457E330
-1152975930289159E300
+4851104818055002E343
-2924684536923009E339
+3241065388163413E328
-1225532366252337E314
+1075289658065633E334
-5619173592591764E338
+5693034934342037E364
-8208928884492427E312
+6266441074765716E327
-631709315165601E339
+4005347574378397E333
-6532251487174521E312
+7406140020686649E336
-2999197124669893E307
+535063091872431E356
-4596803539256211E303
+1128608707759651E344
-8781731241892717E317
+1775465573839569E327
-230524958276819E314
+230365179682861E364
-568218664416027E338
+4444242328477673E358
-3561151151480401E324
+3198633925093831E351
-8386427506299147E315
+6230836499703378E339
-747847424640463E326
+9514967278295151E309
-5058124244606083E339
+1860294492549727E317
-5876093562358953E318
+72037050509347E354
-3865041012381741E337
+1816099320516619E301
-583888250296567E332
+2359001117762373E319
-4001062787252315E304
+3880297960671011E303
-867460372804916E353
+1230737371884587E329
-8559612403968678E335
+191246793050289E313
-11007894208891E328
+1055587553171697E345
-7055130202743923E304
+4350649624006557E327
-3135563263603209E349
+172359366598148E365
-3232585873317491E310
+1536452337676371E365
-1488526336250829E360
+3028217166418153E330
-67030905082639E308
+6479685980327729E366
-2665484426166373E328
+2069233500214057E349
-1270126150300943E326
+2058307935317431E359
-2743052758541809E320
+1059957908342976E325
-9067288655810577E324
+2076954765589349E339
-801823477078179E351
+603614707881419E363
-3793822966270083E366
+4891416130087679E337
-9499945582054029E309
+267809692655239E361
-2291709385967623E326
+2302556174560118E367
-5925994482782487E336
+1679244371326017E362
-890541858503063E316
+5246355657982917E354
-5682548559138061E348
+4593006133716213E328
-1228535212820883E322
+5651121147768007E335
-86352191118591E362
+2975392520913512E368
-1735920649945723E349
+1372942110323859E357
-830225644636449E350
+1678258826089269E326
-1307189028541387E333
+1206511594407341E320
-370344685687841E344
+9281412053341509E361
-5278606143570277E335
+15876351500579E368
-9951835002522549E355
+141775669884591E315
-9752947870723649E334
+2578713302440576E350
-8792858129858298E365
+808210117683797E322
-1827140946441119E339
+7169935438636271E369
-9761377304925459E359
+2990611945992687E363
-1255725239795231E359
+902539358910691E352
-1085235806809849E358
+8830359448389649E357
-4571059525397687E320
+8878676950894317E335
-2344758421267401E321
+9442447443114377E360
-8940061237660213E363
+5366908742085509E354
-2388128069290566E368
+795871287882181E350
-3379252485019127E322
+584923067982451E323
-2204074278309161E360
+3170097556567709E321
-4212597145513907E325
+4532489191741189E343
-3053821069759298E356
+169669400061407E358
-6654829069455853E350
+665853562931597E358
-6487130267838404E352
+5452772328285787E324
-198985363882367E341
+9487472043317637E347
-3019016432999463E325
+1248052676340317E353
-4479546862922223E338
+2787689037289791E350
-2682233481941929E337
+7266388235479011E329
-6281614813463362E336
+997001101702532E369
-8536459099317789E349
+3378191694820734E366
-82172115443079E338
+6707192019379721E363
-5394706089922081E363
+1646463022190092E327
-502074124416382E335
+7573550248007023E350
-2718631887929076E353
+7087654208947513E368
-5703403387202403E330
+2317674963277217E349
-1736667053351001E340
+2743930962995067E332
-3840230622664053E339
+4448063742109909E358
-9571443231774871E345
+4657425244672326E347
-3089472875550108E348
+6683188025865911E363
-4536023085009577E337
+9177187341595909E333
-3038427492432359E343
+241929259745247E341
-5713096133993609E340
+1817350543390327E351
-3851157621567571E359
+8369790424470029E343
-4759552576367756E342
+2557364693242893E334
-4150427199159373E368
+1090693177854474E342
-1106051074684193E342
+3574060609052946E336
-1005661670808266E363
+1806494066565913E362
-2605991533343951E365
+3630837004023669E363
-102483532274731E339
+383636085988461E353
-309581217812187E342
+167495756711001E347
-7772800003807781E336
+590406255419463E358
-3469482705771364E337
+9910437948474789E357
-2858953223018197E363
+4946760934313821E341
-599015511175137E344
+714871609496377E338
-486517094704719E346
+9143736274167539E366
-1442171736555621E359
+6906431729229769E360
-7193832626273257E358
+3233759206794253E369
-9198143981406999E365
+2942826153489707E359
-7499826869547187E353
+191038742925681E368
-592363465060009E352
+9022023652383793E368
-333245370323003E363
+2528446799194254E344
-3097732318809552E369
+7696864345418166E368
-474448780288099E364
+2427299049073527E358
-1620739968603957E359
+2558642638709719E343
-9507969159738867E368
+3944654893723029E363
-4955984340086408E348
+3005816259484151E369
-6157489613465967E359
+1848435071837113E351
-2027371784168927E356
+3517286025272653E366
-1503237694925523E362
+3004019479376067E364
-6915287045694401E359
+2671348270841427E348
-4330957139805725E349
+407873737107633E359
-1307856562947923E369
+9061511118073336E354
-5155074540007061E360
+4088819715907569E358
-8198769328958401E359
+2809071545275939E366
-7274588037631679E359
+238114517399821E363
-4594333096738553E351
+628642005751473E357
-708248700112139E363
+8094039475148863E353
-4436196129075363E365
+2515465126963235E362
-6587258819603177E352
+2870486714259774E364
-9908403870461193E367
+4538556327560873E351
-1136187030470769E365
+8529425974787541E354
-2353595694595369E365
+7616452968195801E361
-4525952232083493E363
+5289233906935342E354
-1915591822351297E366
+194782684841092E368
-1339022499951947E359
+1408228230412387E363
-4235616082505439E369
+1420230115201831E356
-184287273342563E362
+7600035161788464E363
-329277367126986E367
+58562721847709E364
-7817140918664323E361
+4730598294056131E365
-1175401135411947E357
+1835339327731078E362
-6245742202878569E365
+7149327885901933E359
-8469562470340489E357
+3008068627195694E357
-4686724901639248E367
+5812197098547343E365
-9708644192687867E365
+3444543926038702E365
-1565009141885224E360
+777265352345147E362
-2775592713484219E363
+1630883648730999E364
-1156829896770159E359
+388952809839639E366
-312121173057359E361
+2389304506210275E365
-1349102689256539E367
+4833790197240987E362
-9907297636415932E368
+9771476423147217E369
-3380254388486167E368
+5289792153376997E365
-1513064170462161E366
+102939279796739E363
-696438233417015E366
+7055189789370604E364
-2785019262430137E363
+2929118388481049E363
-94811780144994E369
+5614413410154697E364
-9142498617990779E367
+3335346546152023E366
-9140743712945169E365
+5735815810015341E365
-1841046360982057E367
+8928796634296859E367
-149887376631159E369
+348663300157703E369
-561397060262843E366
+2844578101667833E368
-3369927245840257E368
+9640172746533601E368
-246007871634486E369
+2809713874822193E367
-950058858138261E369
+66276604519436E369
-1422876447228467E368
+8761912830821957E368
-8876715804960051E368
+1219837979803356E369
-813454605572401E369
+2482652994531489E369
-8838900372292809E369

