+557E-163
-44643238063434E-199
+60293514505889E-187
-1054862187E-79
+754729E-25
-7E-187
+9080081179E-207
-17316E-247
+5961E-254
-25199E-196
+724561E-94
-1018E-248
+389E-318
-29490198829069E-17
+6673E-43
-87328917833E-151
+2812E-198
-99768964448051E-125
+49361283109121E-2
-149234908214E-350
+114361E-315
-863827162281E-270
+215927058129E-150
-1311E-53
+4295222347301E-167
-1008082E-229
+40066470068078E-210
-119E-247
+7E-226
-227457E-230
+935607E-345
-51095650608171E-3
+807597491163E-128
-175746932E-374
+67324E-217
-3679E-355
+95954971194691E-12
-1820565099E-323
+102E-72
-29E-172
+733969E-84
-3E-29
+46E-64
-278670825E-64
+72653735410911E-130
-9761191E-101
+52954584308931E-365
-44509E-389
+42011E-302
-31E-372
+54127444416E-364
-14545455E-388
+2253487E-167
-3E-83
+876312458489E-97
-269E-61
+56552120499E-41
-210860581298E-138
+21E-136
-55880418976126E-86
+152639E-61
-15721E-238
+1360087891784E-76
-427399E-26
+3368612454586411E-202
-4439149169026765E-374
+1266641168326033E-242
-344649569596263E-356
+1018867684963357E-74
-2275113574495769E-269
+6657155541968143E-49
-5036692969271407E-11
+587225028511501E-350
-1963957586589566E-105
+2009664961346107E-201
-1037650937431393E-49
+6680978654837568E-385
-3192149378104558E-202
+2003011399651033E-281
-9156078993683883E-244
+1800117582324718E-4
-3511009662250162E-309
+3981756062629655E-328
-7175221603018013E-149
+319359078308273E-85
-4872192810050679E-271
+497174798567097E-242
-4237108438107401E-366
+9242028588365617E-386
-3059525136845717E-340
+32670021737346E-152
-1729260269730041E-125
+2130496140429721E5
-5270989490175657E-312
+2889639743734673E-194
-3561244550603929E-319
+578933097315922E-60
-559918154011329E-292
+7843242619595907E-43
-50052421935859E-398
+80747484186118E-354
-783703366914911E-12
+5069438458386167E-244
-631734061036081E-369
+2586704112358159E-113
-1259694780634171E-24
+433207802020617E-53
-1691407842523629E-342
+268600852826367E-174
-6940297279833709E-299
+1561556351326423E-66
-1745293534749391E-219
+6179843479040139E-181
-2344626130945857E-13
+2422805311734602E-324
-716681389493079E-359
+8461428957964497E-263
-2976253678668859E-309
+552073629145687E-272
-8274515927333327E-24
+867987316762451E-76
-5746217691857833E-210
+1721925667070523E-167
-4823379513392503E-280
+5076003066544339E-52
-92401281056339E-370
+3049609055234598E-195
-323808347361397E-245
+131E185
-65734594309E46
+116056417087221E196
-8549729101E308
+2998368961241E323
-740833E213
+1653768762131E350
-7144837E124
+25406973E132
-337958E183
+993E369
-8589079588E259
+118059727E62
-289892E199
+2767300359E102
-2E200
+633E182
-7421E17
+898E73
-1311E209
+59657E298
-21E368
+592E121
-55612E275
+3E28
-778E299
+94833E338
-2043937E242
+26378973E234
-47E66
+2E162
-43E221
+70867E346
-30669E227
+28631E150
-91001E137
+7E105
-931E71
+838E281
-203643E219
+17E360
-1719E170
+11609E335
-46E324
+43E323
-3093E271
+162E292
-434E57
+17E356
-3E64
+31E256
-17E237
+9E79
-13E60
+29E69
-11E61
+1E133
-3E360
+5E243
-1E32
+90962908512509E-372
-458678734047972E-230
+60981712310392E-156
-314667917020397E-251
+8664220341783E-239
-27126847328071E-289
+56210545734052E-341
-2592556516275E-392
+1937794507738E-217
-89207565168452E-114
+2250227971097E-18
-3880182831341E-218
+22613038991519E-192
-287439845114E-138
+214989571426E-227
-102450418331E-298
+10278276783E-26
-53297156553E-260
+21276944147E-15
-4020617551733E-201
+619732800E-354
-2826191830E-203
+145976408285705E-42
-71058723045901E-160
+41449311368E-180
-79487722E-93
+56384349E-131
-22822878E-171
+54957522E-7
-35003117E-228
+737099086694E-255
-206176352154E-153
+1559381E-326
-472079E-22
+163444E-376
-288259E-394
+60059650755E-368
-53037798217E-117
+574502696E-153
-255131E-37
+120E-332
-563073240651E-233
+4974E-176
-196233721E-56
+1239333282863E-149
-440292037712E-263
+51903870E-113
-3222E-208
+170E-354
-731E-215
+15657560E-315
-78952886342E-98
+2E-285
-98230930383383E-271
+63653232204E-382
-59E-210
+904802E-295
-3439E-237
+2683E-251
-2E-398
+3000000000000000E369
-3000000000000000E369
+1000000000000000E369
-9000000000000000E369
+4500000000000000E369
-3700000000000000E369
+1400000000000000E369
-4200000000000000E369
+6840000000000000E369
-130000000000000E369
+8190000000000000E369
-230000000000000E369
+302000000000000E369
-9728000000000000E369
+9592000000000000E369
-1882000000000000E369
+442200000000000E369
-4717100000000000E369
+5417400000000000E369
-139400000000000E369
+5846280000000000E369
-868180000000000E369
+1409270000000000E369
-1260880000000000E369
+3029415000000000E369
-5840528000000000E369
+2964897000000000E369
-4425932000000000E369
+2068295800000000E369
-4595553200000000E369
+1574077400000000E369
-449644200000000E369
+707999720000000E369
-2409709260000000E369
+1696598660000000E369
-729230420000000E369
+8751069553000000E369
-1427610234000000E369
+1301681028000000E369
-1482425181000000E369
+380033382600000E369
-753936218700000E369
+2361665852100000E369
-1502443900800000E369
+509376348980000E369
-802996780870000E369
+993974639110000E369
-2674880609380000E369
+2112240827502000E369
-5631208488375000E369
+292900238377000E369
-1782266119669000E369
+435056092443200E369
-409603460824400E369
+4493142871740600E369
-179982006544900E369
+777270133430940E369
-4750062850021720E369
+3180523431825220E369
-650982696837760E369
+1000000000000000E369
-4000000000000000E369
+5000000000000000E369
-8000000000000000E369
+1100000000000000E369
-6200000000000000E369
+5600000000000000E369
-1900000000000000E369
+8950000000000000E369
-6920000000000000E369
+2370000000000000E369
-960000000000000E369
+7883000000000000E369
-292000000000000E369
+6444000000000000E369
-251000000000000E369
+1159100000000000E369
-9713200000000000E369
+6163600000000000E369
-379700000000000E369
+8071950000000000E369
-2071220000000000E369
+4963980000000000E369
-9845160000000000E369
+46345000000000E369
-4332713000000000E369
+1234641000000000E369
-2979093000000000E369
+928313400000000E369
-4825598700000000E369
+373747500000000E369
-6566494600000000E369
+194132590000000E369
-9945702260000000E369
+1134033070000000E369
-1954743070000000E369
+2510052605000000E369
-6390437648000000E369
+2055208198000000E369
-327491599000000E369
+242184947600000E369
-3374955024100000E369
+8999374081600000E369
-2849188089800000E369
+3197988402140000E369
-161274412880000E369
+165953856230000E369
-3608327435270000E369
+1350119863259000E369
-3156993828573000E369
+1402195123828000E369
-1393935946567000E369
+5465692789245100E369
-3076430658643900E369
+19631838198300E369
-2473467593037300E369
+8213366928741880E369
-636827121876340E369
+1204945419477280E369
-1051282400999510E369
+2000000000000000E369
-2000000000000000E369
+6000000000000000E369
-4000000000000000E369
+8100000000000000E369
-6900000000000000E369
+1300000000000000E369
-4500000000000000E369
+5330000000000000E369
-30000000000000E369
+540000000000000E369
-4220000000000000E369
+9708000000000000E369
-6216000000000000E369
+3409000000000000E369
-646000000000000E369
+1803900000000000E369
-120400000000000E369
+1105300000000000E369
-979100000000000E369
+313290000000000E369
-427720000000000E369
+2085430000000000E369
-6325980000000000E369
+588568000000000E369
-1997078000000000E369
+1533632000000000E369
-4429521000000000E369
+2901939100000000E369
-7436190500000000E369
+2065486100000000E369
-1875207100000000E369
+5590908630000000E369
-8701677710000000E369
+8712612620000000E369
-3638137380000000E369
+2666132509000000E369
-1987292797000000E369
+1709839499000000E369
-762048565000000E369
+1006485170100000E369
-5890946968600000E369
+1549641781800000E369
-6556943377100000E369
+5219839979480000E369
-602526041870000E369
+460739621280000E369
-1421929580950000E369
+578059322381000E369
-511132479272000E369
+1133583321435000E369
-2039499555333000E369
+1908154620997300E369
-405449254369300E369
+1419708097917700E369
-3295867003744900E369
+935809424070750E369
-6828567544580340E369
+1311892587570560E369
-1543053325258760E369
+2000000000000000E369
-1000000000000000E369
+1000000000000000E369
-2000000000000000E369
+2800000000000000E369
-100000000000000E369
+3300000000000000E369
-4700000000000000E369
+430000000000000E369
-7130000000000000E369
+4050000000000000E369
-2450000000000000E369
+3817000000000000E369
-719000000000000E369
+7428000000000000E369
-1573000000000000E369
+39300000000000E369
-654600000000000E369
+513400000000000E369
-4093200000000000E369
+4195970000000000E369
-2203980000000000E369
+449750000000000E369
-5940760000000000E369
+1816337000000000E369
-1636653000000000E369
+2607249000000000E369
-7823763000000000E369
+2614796600000000E369
-8793664700000000E369
+1893498600000000E369
-451934200000000E369
+6913455930000000E369
-314921330000000E369
+945419980000000E369
-680425410000000E369
+2904644619000000E369
-2333958543000000E369
+2252644132000000E369
-2666295612000000E369
+7319331988600000E369
-2865390959600000E369
+3183727193800000E369
-8365332247900000E369
+9625593021980000E369
-97649500550000E369
+193765720430000E369
-366780306940000E369
+1997853828728000E369
-1454972822524000E369
+1468518712001000E369
-1843363580797000E369
+1071821745111400E369
-37203493188700E369
+1939048624923200E369
-1944436518935800E369
+6797842762907360E369
-956675859072560E369
+236977071714310E369
-808019078564670E369
+3000000000000000E369
-1000000000000000E369
+4000000000000000E369
-4000000000000000E369
+1300000000000000E369
-4900000000000000E369
+1800000000000000E369
-2500000000000000E369
+720000000000000E369
-3080000000000000E369
+60000000000000E369
-820000000000000E369
+1557000000000000E369
-6887000000000000E369
+848000000000000E369
-4164000000000000E369
+5319900000000000E369
-4535200000000000E369
+5073500000000000E369
-1157600000000000E369
+9640470000000000E369
-2006340000000000E369
+230830000000000E369
-8145620000000000E369
+5579014000000000E369
-6435165000000000E369
+1516111000000000E369
-730787000000000E369
+8615520600000000E369
-701633100000000E369
+656634100000000E369
-208784100000000E369
+1316614310000000E369
-99622470000000E369
+5329811190000000E369
-4960395980000000E369
+1189069796000000E369
-4709591000000E369
+2211653688000000E369
-2658490395000000E369
+996734525300000E369
-3842344656200000E369
+1671483322500000E369
-1340033115100000E369
+1428466690020000E369
-5202432761220000E369
+195262136510000E369
-1217856772880000E369
+305693261114000E369
-9269937446988000E369
+1049261790424000E369
-7818114661158000E369
+287754567997300E369
-435414093058300E369
+231812266183600E369
-15402984241400E369
+609260593896210E369
-8788949475377250E369
+713129900236160E369
-2335597817363080E369
+5000000000000000E369
-1000000000000000E369
+2000000000000000E369
-2000000000000000E369
+1900000000000000E369
-1400000000000000E369
+4700000000000000E369
-700000000000000E369
+980000000000000E369
-130000000000000E369
+5070000000000000E369
-2240000000000000E369
+792000000000000E369
-273000000000000E369
+2438000000000000E369
-9893000000000000E369
+410600000000000E369
-3036400000000000E369
+2848100000000000E369
-988100000000000E369
+5677350000000000E369
-2672630000000000E369
+2638640000000000E369
-1164060000000000E369
+110279000000000E369
-257554000000000E369
+1766166000000000E369
-1759429000000000E369
+880270400000000E369
-2594581400000000E369
+173579500000000E369
-519458600000000E369
+1365255170000000E369
-1356104360000000E369
+5225377810000000E369
-315023370000000E369
+52883484000000E369
-1464318758000000E369
+302015342000000E369
-3191344458000000E369
+1114693223700000E369
-4965643335500000E369
+458933405300000E369
-2171583478100000E369
+2842565422830000E369
-1188911975990000E369
+257818928680000E369
-993731404170000E369
+763412123608000E369
-694363711037000E369
+306665772986000E369
-1069370045986000E369
+5551277673836600E369
-3045672688074500E369
+1081135271600300E369
-1477772955765100E369
+754452989293580E369
-1674679485534030E369
+559300347702540E369
-9547045444024460E369
+6000000000000000E369
-1000000000000000E369
+1000000000000000E369
-8000000000000000E369
+100000000000000E369
-4900000000000000E369
+200000000000000E369
-600000000000000E369
+3390000000000000E369
-440000000000000E369
+5170000000000000E369
-1250000000000000E369
+1069000000000000E369
-2175000000000000E369
+3224000000000000E369
-169000000000000E369
+6420100000000000E369
-5592400000000000E369
+1844700000000000E369
-1866900000000000E369
+279220000000000E369
-335050000000000E369
+328840000000000E369
-9322810000000000E369
+402965000000000E369
-1253027000000000E369
+140589000000000E369
-7492988000000000E369
+1543966300000000E369
-1308736100000000E369
+239521200000000E369
-155421100000000E369
+8578752910000000E369
-1537639960000000E369
+974817260000000E369
-356502320000000E369
+4660519332000000E369
-2892019034000000E369
+1048215807000000E369
-5093333914000000E369
+8079797243300000E369
-2792832634200000E369
+2027635039500000E369
-1136858631600000E369
+1107641055730000E369
-1516575816940000E369
+745756796620000E369
-875905109460000E369
+2359766935485000E369
-2872194613622000E369
+767933083561000E369
-122987978139000E369
+6945784924083800E369
-1665833381821700E369
+925926195507700E369
-3095165795624500E369
+366996616105630E369
-5825482250901670E369
+3421687676962270E369
-803535086500910E369
+3000000000000000E369
-1000000000000000E369
+1000000000000000E369
-2000000000000000E369
+1500000000000000E369
-9200000000000000E369
+5700000000000000E369
-2400000000000000E369
+20000000000000E369
-910000000000000E369
+5270000000000000E369
-4170000000000000E369
+216000000000000E369
-446000000000000E369
+5886000000000000E369
-713000000000000E369
+7867700000000000E369
-1577100000000000E369
+903300000000000E369
-5924300000000000E369
+206270000000000E369
-4626030000000000E369
+2459730000000000E369
-3383190000000000E369
+7153721000000000E369
-1054817000000000E369
+894895000000000E369
-5310916000000000E369
+2233610800000000E369
-1544121600000000E369
+3706247600000000E369
-631457300000000E369
+615911320000000E369
-1185072890000000E369
+1182231790000000E369
-2144478810000000E369
+2696528113000000E369
-1040296385000000E369
+2537107245000000E369
-5319985162000000E369
+816832985500000E369
-2271837768400000E369
+591609135500000E369
-1130953548900000E369
+370196439540000E369
-2477700253520000E369
+5168365823570000E369
-1948129710350000E369
+2838766470846000E369
-1933427751665000E369
+153868719733000E369
-73202216129000E369
+2904664549466100E369
-664999287603100E369
+2064411843660500E369
-2152942072640300E369
+715487250727170E369
-806205250699050E369
+3209898412623920E369
-919439973506330E369
+9000000000000000E369
-1000000000000000E369
+3000000000000000E369
-3000000000000000E369
+300000000000000E369
-8200000000000000E369
+1200000000000000E369
-900000000000000E369
+7890000000000000E369
-560000000000000E369
+2540000000000000E369
-7030000000000000E369
+816000000000000E369
-9798000000000000E369
+9718000000000000E369
-422000000000000E369
+1842200000000000E369
-2349800000000000E369
+5183400000000000E369
-2887200000000000E369
+1863620000000000E369
-1408330000000000E369
+4684350000000000E369
-1362270000000000E369
+465582000000000E369
-686966000000000E369
+3012811000000000E369
-3571113000000000E369
+1734890300000000E369
-837398700000000E369
+676780300000000E369
-174807500000000E369
+9201892730000000E369
-3453012690000000E369
+6184931620000000E369
-59413420000000E369
+4349472432000000E369
-8310577346000000E369
+2600941539000000E369
-177977425000000E369
+1003083459700000E369
-2425075395500000E369
+7085765604600000E369
-1087179295100000E369
+2668789472380000E369
-1807816799340000E369
+9495613203740000E369
-1445084116480000E369
+674874918222000E369
-5918176127015000E369
+7944131973967000E369
-4724056851911000E369
+8372765899090300E369
-952656004521100E369
+2110477930333400E369
-280470866415800E369
+6302188156344480E369
-3141379366254350E369
+2285939955509480E369
-4622085669384680E369
+7000000000000000E369
-4000000000000000E369
+1000000000000000E369
-5000000000000000E369
+500000000000000E369
-5900000000000000E369
+1300000000000000E369
-900000000000000E369
+260000000000000E369
-780000000000000E369
+5280000000000000E369
-1930000000000000E369
+8645000000000000E369
-1965000000000000E369
+1882000000000000E369
-7519000000000000E369
+5209200000000000E369
-171700000000000E369
+3085500000000000E369
-2329200000000000E369
+2382840000000000E369
-2231320000000000E369
+6911260000000000E369
-712220000000000E369
+2776818000000000E369
-1853909000000000E369
+256441000000000E369
-3642398000000000E369
+482129200000000E369
-358075400000000E369
+3514446400000000E369
-7083305100000000E369
+2399675020000000E369
-1006675690000000E369
+6196908220000000E369
-4372225790000000E369
+1377895558000000E369
-2484932585000000E369
+2770915346000000E369
-526533329000000E369
+1004936105800000E369
-958612479100000E369
+1544055211600000E369
-565834227500000E369
+6686260381650000E369
-3054703386170000E369
+2705116173220000E369
-8992649935210000E369
+30528147954000E369
-1298146809917000E369
+2487576208956000E369
-1270229236043000E369
+70343813032600E369
-1699306784231800E369
+749044644836900E369
-8944156245933800E369
+7189510424836290E369
-1925617148021860E369
+207419831082170E369
-1806595861543610E369
+8000000000000000E369
-5000000000000000E369
+4000000000000000E369
-3000000000000000E369
+200000000000000E369
-300000000000000E369
+700000000000000E369
-4300000000000000E369
+4350000000000000E369
-4260000000000000E369
+7690000000000000E369
-530000000000000E369
+64000000000000E369
-858000000000000E369
+944000000000000E369
-1101000000000000E369
+773900000000000E369
-4434100000000000E369
+3069100000000000E369
-1990400000000000E369
+5744360000000000E369
-1558470000000000E369
+1588970000000000E369
-769960000000000E369
+363123000000000E369
-1053278000000000E369
+2972576000000000E369
-2703251000000000E369
+579819400000000E369
-2293393500000000E369
+1517335700000000E369
-9595313300000000E369
+8435907250000000E369
-3484947620000000E369
+167531010000000E369
-2348585350000000E369
+554655526000000E369
-6590602879000000E369
+443059296000000E369
-31718588000000E369
+2148471159400000E369
-500656874400000E369
+7189097597900000E369
-1042992800900000E369
+205554933270000E369
-927703761760000E369
+1762875326310000E369
-4244290216990000E369
+1686426803091000E369
-1064936515329000E369
+7961652595128000E369
-1541111710075000E369
+1276460811708300E369
-1038349034165800E369
+1826831445360500E369
-1231220147811100E369
+2295695651130110E369
-6960832011421530E369
+3162502063196290E369
-899717149569070E369
+2000000000000000E369
-3000000000000000E369
+1000000000000000E369
-1000000000000000E369
+500000000000000E369
-500000000000000E369
+5600000000000000E369
-900000000000000E369
+1480000000000000E369
-540000000000000E369
+5520000000000000E369
-4140000000000000E369
+7182000000000000E369
-4046000000000000E369
+3383000000000000E369
-3524000000000000E369
+3938700000000000E369
-1088200000000000E369
+3173700000000000E369
-2818500000000000E369
+1650780000000000E369
-818710000000000E369
+5467040000000000E369
-4163680000000000E369
+4912557000000000E369
-194447000000000E369
+1529977000000000E369
-3227831000000000E369
+9098254200000000E369
-189838700000000E369
+2413959900000000E369
-5969670700000000E369
+842017420000000E369
-1620659810000000E369
+7719516290000000E369
-4023705290000000E369
+591799025000000E369
-12105603000000E369
+313568629000000E369
-3788909325000000E369
+444395049700000E369
-2071063196800000E369
+2823231090500000E369
-678333256600000E369
+3261337404670000E369
-3463981033710000E369
+2952537497550000E369
-3579749399980000E369
+2429654940128000E369
-1667595767936000E369
+11992207293000E369
-859316275065000E369
+6519545267232600E369
-6253813605643300E369
+2466059051188100E369
-7458586911941700E369
+9724352705388980E369
-8969337613414690E369
+6077095238283820E369
-2117621442584880E369
+1000000000000000E369
-6000000000000000E369
+6000000000000000E369
-2000000000000000E369
+900000000000000E369
-3100000000000000E369
+1400000000000000E369
-9600000000000000E369
+370000000000000E369
-860000000000000E369
+310000000000000E369
-1140000000000000E369
+472000000000000E369
-7899000000000000E369
+1474000000000000E369
-478000000000000E369
+8267400000000000E369
-2551700000000000E369
+1279500000000000E369
-1919700000000000E369
+9229160000000000E369
-1246530000000000E369
+214220000000000E369
-8711290000000000E369
+5560548000000000E369
-1788421000000000E369
+1614817000000000E369
-6394102000000000E369
+590138900000000E369
-2591644400000000E369
+250255900000000E369
-7359676200000000E369
+1233588480000000E369
-2323822690000000E369
+789438330000000E369
-1219285650000000E369
+1149292599000000E369
-9872435575000000E369
+8530102461000000E369
-1261272035000000E369
+182559432900000E369
-3351226997700000E369
+660194639800000E369
-694861802300000E369
+5461459195730000E369
-162630686830000E369
+5004308031260000E369
-3006064144770000E369
+2757922466481000E369
-8243185620474000E369
+427175828676000E369
-784331337583000E369
+7112781804067100E369
-4001908740323700E369
+4791670062733700E369
-329817242998400E369
+8034412990258970E369
-2697153671553730E369
+4663036331286540E369
-7711742809590150E369
+1000000000000000E369
-1000000000000000E369
+8000000000000000E369
-7000000000000000E369
+5400000000000000E369
-2500000000000000E369
+4500000000000000E369
-300000000000000E369
+390000000000000E369
-1110000000000000E369
+8720000000000000E369
-710000000000000E369
+1457000000000000E369
-963000000000000E369
+197000000000000E369
-333000000000000E369
+817100000000000E369
-9832100000000000E369
+614900000000000E369
-827200000000000E369
+5992930000000000E369
-95960000000000E369
+1299260000000000E369
-545190000000000E369
+8012599000000000E369
-2683651000000000E369
+371033000000000E369
-6820228000000000E369
+3725939300000000E369
-65273800000000E369
+986718500000000E369
-150577600000000E369
+2944113110000000E369
-3115394320000000E369
+5374418950000000E369
-4730811850000000E369
+3021586941000000E369
-463399736000000E369
+295573732000000E369
-7052892758000000E369
+8342752113200000E369
-1530024609500000E369
+2557944123600000E369
-3821065141600000E369
+9648151517620000E369
-1146201873020000E369
+1157176796670000E369
-169099294990000E369
+5895571235279000E369
-8667979582168000E369
+3737290086956000E369
-1854394256681000E369
+1482085334037900E369
-1002121834935400E369
+254982129265800E369
-161364622865700E369
+338577632509180E369
-5276581475660760E369
+1436317133699510E369
-929046346871450E369
+3000000000000000E369
-5000000000000000E369
+2000000000000000E369
-4000000000000000E369
+400000000000000E369
-1300000000000000E369
+1900000000000000E369
-400000000000000E369
+1010000000000000E369
-550000000000000E369
+4850000000000000E369
-7680000000000000E369
+394000000000000E369
-645000000000000E369
+266000000000000E369
-768000000000000E369
+2824900000000000E369
-1084500000000000E369
+6293200000000000E369
-1532400000000000E369
+281250000000000E369
-81420000000000E369
+9824010000000000E369
-7903710000000000E369
+1054334000000000E369
-1690607000000000E369
+1273853000000000E369
-7510256000000000E369
+1125153900000000E369
-2905159700000000E369
+2764432200000000E369
-2190534200000000E369
+9943096930000000E369
-1545497570000000E369
+682613850000000E369
-1042684370000000E369
+198703828000000E369
-7750815958000000E369
+6502183095000000E369
-11094652000000E369
+937253580600000E369
-1868013139700000E369
+833384491500000E369
-9315675095100000E369
+293952889580000E369
-8355276321060000E369
+259657060130000E369
-6854808045390000E369
+9701774908875000E369
-8001327553473000E369
+1701859637903000E369
-4614756741806000E369
+72542339591800E369
-1409937520290800E369
+1043071722022500E369
-790364846184300E369
+86578086054910E369
-9573026782512470E369
+1311370502575020E369
-4119333376582630E369
+953949187229776E18
-7453608259101132E228
+127557850955799E320
-2390628372722187E-10
+576909364409162E177
-852626051750113E356
+90867396491739E27
-5117247470447873E138
+1139911469405069E133
-6181725031131053E162
+93177980345163E-4
-8845468839903135E51
+5652005460241E245
-36739157939E271
+8775614865283E319
-891811816481341E353
+18950662951E149
-415295737985477E262
+180620513519E369
-4280023614614531E88
+1221944200102371E80
-279383921E89
+7689991219E49
-279503178783E-5
+8600606053E172
-3102994865677519E289
+2701645114779982E165
-894651927E197
+51039663E348
-69663169E236
+91900161E111
-167206226237067E82
+2131051068387893E71
-1887929E180
+3002222457190174E324
-8711527831372619E315
+32152649E195
-3391849E219
+8835153078834268E238
-6051258922650817E321
+471587E10
-2187461004355588E368
+385509E309
-16111E329
+2079760138966941E241
-4619E283
+9937E360
-23767E211
+2583E355
-5904973855076169E26
+3049E34
-2027E84
+279E339
-3232946637224569E360
+211E22
-2701671805772581E13
+11E99
-167E253
+1859986238672116E240
-17E202
+3E204
-29E56
+523401672438669E169
-3E118
