+317562314185E-235
+4E-199
-6E-211
-111433E-319
+618845544E-372
+80585124813253E-210
-13415E-190
-51398196574E-150
+154742657939E-142
+5583508138E-200
-1252350942E-302
-490798650534E-148
+1750240689581E-77
+15E-378
-28585641227E-352
-479E-244
+70270683022E-196
+6E-269
-9E-392
-571E-44
+4030697543E-78
+745E-123
-555E-243
-181026875653E-340
+3E-225
+980211187E-163
-3E-182
-7239419756765E-145
+137379537863516E-165
+3964166199E-161
-203517871E-46
-3E-388
+266E-262
+4123881E-16
-5622189748E-173
-121358002769E-35
+3E-377
+269382E-66
-4356766695218E-317
-5491235328959E-217
+764985212E-304
+326963074660779E-359
-4090237167963E-324
-454621E-324
+9E-257
+85178769E-286
-8E-22
-10951763231E2
+669818418E-84
+3075256444275E-14
-13027E-22
-896029E2
+438643379E-218
+127208225067419E-302
-59E-288
-2489422836282E-324
+3919E-343
+671E-246
-35808233048236E-248
-2E-298
+4355393381E-322
+40151598357E-145
-554E-307
-1562817715E-357
+2162238588340652E-196
+38663341043477E-24
-321410047557117E-156
-8785774812197251E-42
+3096445306483808E-323
+4041756891872359E-128
-798530566702681E-348
-723118770490561E-386
+2813166828491823E-46
+1168292344365739E-291
-1320163220738867E-195
-8940227853819066E-347
+910779223163149E-10
+77757517413689E-193
-3613624925457849E-114
-174153806889399E-151
+1371418766468359E-390
+2201335585720657E-85
-773174093360787E-66
-50518826986211E-245
+6533785108510817E-308
+711962998761527E-122
-6412862869103283E-151
-1910302910652853E-27
+341998676883273E-6
+300095114850557E-52
-3490041668864587E-240
-5457632850188609E-267
+4377378485357898E-396
+548077902702781E-79
-1017899955975875E-197
-2519305870242177E-72
+3092886768218273E-330
+5280260573349304E-98
-1190203958007593E-347
-4532227189470273E8
+5355430920004739E-35
+617742263288893E-377
-822475267268193E-145
-9835753219895363E-20
+1538961012606122E-275
+6640480798933099E-364
-1202329107649121E-335
-4833919628935187E-46
+4289486298908555E-213
+1318645009560499E-88
-5551809478537231E-321
-3015668808350125E-168
+1137865509602008E-205
+3948112130139001E-373
-1517709835852097E-62
-5801282647716369E-27
+932645687112628E-122
+897302220107933E-76
-6535267446372791E-113
-189292428800191E-361
+3356362802355395E-308
+1334318656457494E-174
-3383246320335945E-217
-674901336942847E-104
+869884881854565E-331
+5822672741094433E-13
-1729175930314941E-188
-1592949126214981E-138
+4868281649296E185
+13857E324
-8E174
-28721E62
+17E48
+102227128E158
-54E21
-8562206E247
+222819E240
+7945298E189
-2754764071E3
-889E113
+2718E311
+2144803E174
-41E271
-458968329036E173
+95413299E192
+5564142E357
-39008407E301
-7808988E165
+86013E77
+297852155E7
-4988765E254
-114024E100
+85943047E348
+780810E77
-2880E38
-275E134
+3E143
+709039E311
-5927761E215
-1530734E156
+17E32
+141E151
-237E228
-72E241
+101887E274
+362E308
-608E98
-3E160
+5553E20
+13E210
-8E45
-402E56
+55E58
+2E110
-46E89
-7E324
+19E26
+251E318
-8E126
-35E145
+7E304
+3E323
-3E314
-9E322
+7E251
+3E24
-1E141
-5E352
+7000000000000000E369
+1000000000000000E369
-3000000000000000E369
-3000000000000000E369
+6600000000000000E369
+1800000000000000E369
-800000000000000E369
-5800000000000000E369
+540000000000000E369
+70000000000000E369
-1070000000000000E369
-1530000000000000E369
+34000000000000E369
+37000000000000E369
-237000000000000E369
-2057000000000000E369
+3266500000000000E369
+450900000000000E369
-183700000000000E369
-100000000000E369
+1530030000000000E369
+1211860000000000E369
-50000000000E369
-20000000000E369
+5984000000000E369
+5172983000000000E369
-3022354000000000E369
-9670157000000000E369
+621066100000000E369
+446284600000000E369
-64800000000E369
-64200000000E369
+5122621210000000E369
+458527930000000E369
-5646975050000000E369
-2247615720000000E369
+8343000000E369
+17979000000E369
-1626736000000E369
-411867113000000E369
+1434063812300000E369
+120200000E369
-3058365135300000E369
-338838400000E369
+2170000E369
+2660000E369
-44799880000E369
-635169471220000E369
+445039244000E369
+256402116021000E369
-47630994000E369
-7502000E369
+1754283866075200E369
+100E369
-267900E369
-952841773356100E369
+5519987050E369
+87168677220E369
-2150358450880E369
-2360661456977060E369
+2000000000000000E369
+2000000000000000E369
-5000000000000000E369
-1000000000000000E369
+1000000000000000E369
+2000000000000000E369
-5000000000000000E369
-1000000000000000E369
+1000000000000000E369
+4000000000000000E369
-1000000000000000E369
-4000000000000000E369
+1000000000000000E369
+1000000000000000E369
-1000000000000000E369
-5000000000000000E369
+3000000000000000E369
+1000000000000000E369
-1000000000000000E369
-8000000000000000E369
+1000000000000000E369
+6000000000000000E369
-5000000000000000E369
-3000000000000000E369
+1000000000000000E369
+1000000000000000E369
-3000000000000000E369
-2000000000000000E369
+1000000000000000E369
+2000000000000000E369
-5000000000000000E369
-1000000000000000E369
+7000000000000000E369
+2000000000000000E369
-2000000000000000E369
-5000000000000000E369
+1000000000000000E369
+2000000000000000E369
-5000000000000000E369
-3000000000000000E369
+1000000000000000E369
+4000000000000000E369
-2000000000000000E369
-4000000000000000E369
+6000000000000000E369
+6000000000000000E369
-4000000000000000E369
-1000000000000000E369
+3000000000000000E369
+1000000000000000E369
-1000000000000000E369
-3000000000000000E369
+3000000000000000E369
+2000000000000000E369
-1000000000000000E369
-7000000000000000E369
+2000000000000000E369
+1000000000000000E369
-2000000000000000E369
-7000000000000000E369
+8900000000000000E369
+600000000000000E369
-800000000000000E369
-1200000000000000E369
+5200000000000000E369
+600000000000000E369
-400000000000000E369
-4100000000000000E369
+300000000000000E369
+1200000000000000E369
-2200000000000000E369
-5300000000000000E369
+900000000000000E369
+1900000000000000E369
-1300000000000000E369
-9400000000000000E369
+5500000000000000E369
+900000000000000E369
-1600000000000000E369
-900000000000000E369
+300000000000000E369
+1900000000000000E369
-1500000000000000E369
-600000000000000E369
+4100000000000000E369
+2300000000000000E369
-2700000000000000E369
-1200000000000000E369
+800000000000000E369
+600000000000000E369
-3100000000000000E369
-1200000000000000E369
+700000000000000E369
+700000000000000E369
-8200000000000000E369
-4400000000000000E369
+2600000000000000E369
+300000000000000E369
-400000000000000E369
-2900000000000000E369
+3200000000000000E369
+2200000000000000E369
-300000000000000E369
-1100000000000000E369
+600000000000000E369
+7200000000000000E369
-6700000000000000E369
-900000000000000E369
+2900000000000000E369
+2700000000000000E369
-4700000000000000E369
-6900000000000000E369
+200000000000000E369
+1300000000000000E369
-3900000000000000E369
-2600000000000000E369
+700000000000000E369
+5500000000000000E369
-4700000000000000E369
-9100000000000000E369
+1530000000000000E369
+2190000000000000E369
-1040000000000000E369
-2260000000000000E369
+1160000000000000E369
+680000000000000E369
-4990000000000000E369
-1670000000000000E369
+850000000000000E369
+7680000000000000E369
-2470000000000000E369
-2250000000000000E369
+60000000000000E369
+390000000000000E369
-2760000000000000E369
-330000000000000E369
+3520000000000000E369
+7580000000000000E369
-8230000000000000E369
-4840000000000000E369
+5890000000000000E369
+1230000000000000E369
-130000000000000E369
-90000000000000E369
+690000000000000E369
+4430000000000000E369
-6470000000000000E369
-810000000000000E369
+70000000000000E369
+690000000000000E369
-1370000000000000E369
-2510000000000000E369
+930000000000000E369
+640000000000000E369
-450000000000000E369
-140000000000000E369
+2740000000000000E369
+2070000000000000E369
-4690000000000000E369
-9360000000000000E369
+8260000000000000E369
+650000000000000E369
-3950000000000000E369
-640000000000000E369
+950000000000000E369
+4790000000000000E369
-4370000000000000E369
-6340000000000000E369
+5440000000000000E369
+7950000000000000E369
-1620000000000000E369
-4550000000000000E369
+3750000000000000E369
+6560000000000000E369
-3840000000000000E369
-770000000000000E369
+3010000000000000E369
+950000000000000E369
-5520000000000000E369
-4770000000000000E369
+835000000000000E369
+7871000000000000E369
-9785000000000000E369
-3908000000000000E369
+2231000000000000E369
+3427000000000000E369
-1338000000000000E369
-1287000000000000E369
+2321000000000000E369
+1004000000000000E369
-1113000000000000E369
-1882000000000000E369
+675000000000000E369
+4785000000000000E369
-1108000000000000E369
-1286000000000000E369
+6344000000000000E369
+2599000000000000E369
-727000000000000E369
-84000000000000E369
+1518000000000000E369
+2079000000000000E369
-2837000000000000E369
-271000000000000E369
+2957000000000000E369
+4094000000000000E369
-1318000000000000E369
-189000000000000E369
+3561000000000000E369
+708000000000000E369
-1978000000000000E369
-2525000000000000E369
+623000000000000E369
+8131000000000000E369
-7465000000000000E369
-2277000000000000E369
+53000000000000E369
+1025000000000000E369
-655000000000000E369
-855000000000000E369
+379000000000000E369
+2961000000000000E369
-114000000000000E369
-557000000000000E369
+458000000000000E369
+1905000000000000E369
-2107000000000000E369
-4244000000000000E369
+577000000000000E369
+2739000000000000E369
-4087000000000000E369
-5145000000000000E369
+3611000000000000E369
+8554000000000000E369
-1914000000000000E369
-365000000000000E369
+1409000000000000E369
+5497000000000000E369
-6228000000000000E369
-2764000000000000E369
+900400000000000E369
+288300000000000E369
-172500000000000E369
-1177400000000000E369
+266400000000000E369
+1761100000000000E369
-4414100000000000E369
-1417900000000000E369
+3039100000000000E369
+2549900000000000E369
-7243200000000000E369
-3442900000000000E369
+2785300000000000E369
+4200000000000E369
-4108100000000000E369
-2275100000000000E369
+406200000000000E369
+1838900000000000E369
-1881500000000000E369
-1018500000000000E369
+777500000000000E369
+2489200000000000E369
-9714700000000000E369
-177400000000000E369
+574200000000000E369
+131900000000000E369
-2971500000000000E369
-4673300000000000E369
+743800000000000E369
+2749400000000000E369
-9966200000000000E369
-4022200000000000E369
+1266900000000000E369
+1607700000000000E369
-131400000000000E369
-1964500000000000E369
+124200000000000E369
+1238600000000000E369
-3279600000000000E369
-3740900000000000E369
+7743700000000000E369
+1584400000000000E369
-2260400000000000E369
-2606700000000000E369
+5095700000000000E369
+1834800000000000E369
-99800000000000E369
-4635700000000000E369
+9224800000000000E369
+189600000000000E369
-5222600000000000E369
-238500000000000E369
+79200000000000E369
+1281600000000000E369
-1884900000000000E369
-613200000000000E369
+8600900000000000E369
+996100000000000E369
-1055800000000000E369
-1346400000000000E369
+619730000000000E369
+21650000000000E369
-4685990000000000E369
-2263390000000000E369
+166830000000000E369
+870290000000000E369
-1552670000000000E369
-6064150000000000E369
+136640000000000E369
+3875960000000000E369
-955680000000000E369
-1853550000000000E369
+1251140000000000E369
+5943550000000000E369
-1158170000000000E369
-510990000000000E369
+4398390000000000E369
+1929240000000000E369
-2531940000000000E369
-1183880000000000E369
+1591260000000000E369
+2328220000000000E369
-3197360000000000E369
-6212430000000000E369
+8229830000000000E369
+8301190000000000E369
-2794350000000000E369
-4781240000000000E369
+9929790000000000E369
+968120000000000E369
-1609490000000000E369
-824820000000000E369
+4104910000000000E369
+5022020000000000E369
-377630000000000E369
-4532340000000000E369
+2883120000000000E369
+5078270000000000E369
-8529080000000000E369
-1781170000000000E369
+7425370000000000E369
+1993570000000000E369
-1896890000000000E369
-2274380000000000E369
+1063450000000000E369
+1944370000000000E369
-5119660000000000E369
-5438620000000000E369
+2951490000000000E369
+7731880000000000E369
-3207440000000000E369
-284380000000000E369
+523470000000000E369
+2922510000000000E369
-5432640000000000E369
-6300080000000000E369
+8832670000000000E369
+3685540000000000E369
-25440000000000E369
-610450000000000E369
+219725000000000E369
+5500371000000000E369
-6803833000000000E369
-445086000000000E369
+2698579000000000E369
+195632000000000E369
-9975164000000000E369
-4476513000000000E369
+1330788000000000E369
+734249000000000E369
-241147000000000E369
-1034838000000000E369
+4656406000000000E369
+1134036000000000E369
-1247032000000000E369
-8668909000000000E369
+457939000000000E369
+655721000000000E369
-4195882000000000E369
-652175000000000E369
+99332000000000E369
+2813749000000000E369
-13061000000000E369
-922676000000000E369
+4480668000000000E369
+2573938000000000E369
-7769533000000000E369
-1065035000000000E369
+855173000000000E369
+4178905000000000E369
-2499565000000000E369
-8686793000000000E369
+222965000000000E369
+449792000000000E369
-5549419000000000E369
-1538752000000000E369
+785063000000000E369
+173766000000000E369
-6719749000000000E369
-651392000000000E369
+1216179000000000E369
+1426769000000000E369
-4266229000000000E369
-981243000000000E369
+2520911000000000E369
+4591367000000000E369
-2407902000000000E369
-4885065000000000E369
+1215911000000000E369
+1438778000000000E369
-2030943000000000E369
-94751000000000E369
+890535000000000E369
+4790781000000000E369
-1626351000000000E369
-2902676000000000E369
+7126779000000000E369
+95166000000000E369
-931996000000000E369
-4736228000000000E369
+1262947800000000E369
+9965184900000000E369
-3148056300000000E369
-1409844400000000E369
+1532099500000000E369
+324050700000000E369
-1175865600000000E369
-836037400000000E369
+7368580500000000E369
+5333103100000000E369
-1497140900000000E369
-754122700000000E369
+1273987900000000E369
+8164953300000000E369
-1570681100000000E369
-9339560800000000E369
+425056600000000E369
+1797811900000000E369
-8967474400000000E369
-151277100000000E369
+61965100000000E369
+926137900000000E369
-814922900000000E369
-947227300000000E369
+35609900000000E369
+9266903100000000E369
-584972300000000E369
-713199500000000E369
+740533900000000E369
+5604537400000000E369
-1588802500000000E369
-8113419800000000E369
+9669390600000000E369
+7572368700000000E369
-5217265300000000E369
-1487267800000000E369
+11856400000000E369
+9307256100000000E369
-1015686100000000E369
-1213804900000000E369
+729838900000000E369
+1854320400000000E369
-7749980700000000E369
-1676604600000000E369
+6866907500000000E369
+2248406500000000E369
-1169475800000000E369
-2026768800000000E369
+2036042300000000E369
+3209259800000000E369
-9713208500000000E369
-3431931400000000E369
+2593991700000000E369
+6312285600000000E369
-4146992200000000E369
-217408400000000E369
+3389288900000000E369
+9134619900000000E369
-1487196400000000E369
-5147647100000000E369
+467370880000000E369
+8354553630000000E369
-836638430000000E369
-546550190000000E369
+6734458850000000E369
+123559210000000E369
-5537440290000000E369
-6996289590000000E369
+897220780000000E369
+4409460710000000E369
-2245746040000000E369
-145534870000000E369
+7101647070000000E369
+899386840000000E369
-691504850000000E369
-8765671410000000E369
+287923270000000E369
+14586030000000E369
-1058436680000000E369
-1712931350000000E369
+469064050000000E369
+6098567470000000E369
-1457590950000000E369
-526923670000000E369
+3720207930000000E369
+1920704850000000E369
-1177862670000000E369
-1803977280000000E369
+5558957990000000E369
+8182896860000000E369
-7226011070000000E369
-3244803550000000E369
+253978750000000E369
+1724696430000000E369
-191382830000000E369
-4603653260000000E369
+2042067490000000E369
+502158290000000E369
-3536812620000000E369
-3243056230000000E369
+5026281590000000E369
+894654040000000E369
-306988760000000E369
-6290937710000000E369
+1914199330000000E369
+677047520000000E369
-546161350000000E369
-4899408740000000E369
+1200561180000000E369
+532813960000000E369
-425200150000000E369
-1675811260000000E369
+718020150000000E369
+40667610000000E369
-1024014680000000E369
-6139164380000000E369
+732241120000000E369
+1679493160000000E369
-4339527270000000E369
-542291220000000E369
+1272718871000000E369
+389419557000000E369
-7512597595000000E369
-1529908703000000E369
+8448749622000000E369
+35596739000000E369
-1584315419000000E369
-3778132061000000E369
+5768387418000000E369
+6321983673000000E369
-1593345763000000E369
-1716246674000000E369
+44416111000000E369
+2476475548000000E369
-831211463000000E369
-1133200827000000E369
+697486037000000E369
+8347732966000000E369
-2188023291000000E369
-384362265000000E369
+198778801000000E369
+1603671786000000E369
-591461449000000E369
-9384739573000000E369
+1659615694000000E369
+3387225869000000E369
-3717149729000000E369
-1953444467000000E369
+6429762081000000E369
+68643339000000E369
-1392494544000000E369
-1162771401000000E369
+4012720052000000E369
+1256672915000000E369
-1136832664000000E369
-617224098000000E369
+905990799000000E369
+742256555000000E369
-2663473088000000E369
-4735620805000000E369
+3405557966000000E369
+267074579000000E369
-521448664000000E369
-5277489063000000E369
+469423417000000E369
+2172236153000000E369
-905603571000000E369
-268261088000000E369
+8544440799000000E369
+1798032401000000E369
-1085948421000000E369
-3540563477000000E369
+1320917693000000E369
+108702462000000E369
-8834248511000000E369
-5598981000000E369
+1056193851000000E369
+1929830533000000E369
-2163921479000000E369
-4726133066000000E369
+576922576700000E369
+1372918062300000E369
-9628031500000E369
-2528248386500000E369
+4469778592100000E369
+7202297334800000E369
-3422238830800000E369
-1228432246200000E369
+2044842846700000E369
+1999610253900000E369
-512375124800000E369
-401667709400000E369
+9427389964200000E369
+4317952799400000E369
-8482669980400000E369
-6001427855600000E369
+2926048071200000E369
+1562555503600000E369
-2578696476300000E369
-71886283800000E369
+563766773300000E369
+630417286700000E369
-3575502097700000E369
-2948571852700000E369
+7106407308200000E369
+4557293112400000E369
-91411672600000E369
-2639429461200000E369
+8777011795200000E369
+2566387489600000E369
-6144403648500000E369
-180145578800000E369
+902842027800000E369
+759339244500000E369
-6517940280100000E369
-2479569799500000E369
+9854642509700000E369
+1107751218500000E369
-930613145500000E369
-7969474870100000E369
+1246218538100000E369
+6145568921400000E369
-68980136300000E369
-1282186518200000E369
+7580855390900000E369
+2969035075300000E369
-1909702002800000E369
-580000468100000E369
+3142584477200000E369
+1830004224400000E369
-1246738829200000E369
-3014900173800000E369
+2255920851800000E369
+7543532069100000E369
-130337906700000E369
-74244307200000E369
+1553411938200000E369
+1211884381700000E369
-588819263400000E369
-6418173980800000E369
+2923189843220000E369
+24715029680000E369
-565419778870000E369
-6285312986550000E369
+5277787932920000E369
+1413800005850000E369
-1222562799020000E369
-2575766856450000E369
+1211918071060000E369
+1073705611660000E369
-423412398530000E369
-2297837570000E369
+474690535430000E369
+672757155180000E369
-2347971611350000E369
-991569015280000E369
+213579629570000E369
+2971552194210000E369
-126022560760000E369
-3149761312550000E369
+908275413370000E369
+4600590862650000E369
-1290376761840000E369
-87857022840000E369
+733644670080000E369
+4223617681620000E369
-4184147475950000E369
-1294066228250000E369
+679012192140000E369
+5227373250310000E369
-4048908044390000E369
-1232022555970000E369
+4113851432070000E369
+3356146968380000E369
-1130229626860000E369
-172671001360000E369
+3177642496240000E369
+5960268728990000E369
-3349039732450000E369
-910953876550000E369
+325036706880000E369
+4823915408610000E369
-1265908553990000E369
-9086975837240000E369
+1231305861070000E369
+2596915017730000E369
-387762057990000E369
-478120315340000E369
+2806310124770000E369
+461287462890000E369
-3476695989460000E369
-8407105102870000E369
+387391856630000E369
+1378114348470000E369
-102520609160000E369
-543483629220000E369
+545012779740000E369
+85454205590000E369
-147511880520000E369
-2474182909080000E369
+5244042954893000E369
+764732472923000E369
-1118798859759000E369
-478499818205000E369
+8372805372445000E369
+1156326850972000E369
-5482971900042000E369
-799792751593000E369
+7638676668705000E369
+9834786874343000E369
-3444619630401000E369
-2921589994818000E369
+2310774091529000E369
+787125371475000E369
-2572576124376000E369
-5059731639879000E369
+446751266586000E369
+1803854159615000E369
-6210644732918000E369
-5024989889909000E369
+581809643724000E369
+6837090893501000E369
-6050902601722000E369
-183575922417000E369
+41434578036000E369
+3950618659549000E369
-374874141951000E369
-507486006000E369
+1182167914153000E369
+269123924603000E369
-1574893651163000E369
-1153654043577000E369
+5167932942379000E369
+4198415608795000E369
-6318096932705000E369
-8019727934341000E369
+2177195295703000E369
+880654847694000E369
-604889371017000E369
-4058044489601000E369
+884331811495000E369
+1150022131117000E369
-5648646306719000E369
-9900632134038000E369
+1371420961863000E369
+5578145429047000E369
-772568467655000E369
-731219896065000E369
+2841218789639000E369
+37111287464000E369
-3604082637431000E369
-4954390037682000E369
+1176415502165000E369
+1809367186753000E369
-1025138901862000E369
-9673871508576000E369
+1026234471602000E369
+2517356869463000E369
-1121896837449000E369
-410112899585000E369
+7783409704965200E369
+5648455637325800E369
-666812691308100E369
-1046372561945900E369
+1350198888316200E369
+677740023409400E369
-507779832210500E369
-1452061588799600E369
+1679376413225700E369
+255383023120800E369
-660424414601200E369
-5778599690485100E369
+784586871262500E369
+2327628710245900E369
-8358343072786300E369
-6507009826557600E369
+1674158975943500E369
+124105589224900E369
-4918357501913900E369
-6550149885457400E369
+360730357444800E369
+8453034066261800E369
-2313543528481500E369
-5334199077853600E369
+96682528384700E369
+3537758793082100E369
-4580599765814100E369
-1275356924996700E369
+158324656897300E369
+9793408177051200E369
-5915857586120800E369
-9703827708056100E369
+2679316022840600E369
+1174805062080800E369
-1678406978847600E369
-600311794596500E369
+234885617124700E369
+2303432616290300E369
-8319996395678900E369
-38532358769800E369
+622429329963600E369
+1896738575283600E369
-3218005189001200E369
-17276927492500E369
+1004216437030300E369
+5427717878110500E369
-7879821913364700E369
-1180321440598300E369
+318698305402100E369
+403047640596500E369
-1829677159935200E369
-4055603018433300E369
+3091873339017700E369
+7655588231566300E369
-7550188173951300E369
-6438919694890300E369
+3311069577147100E369
+1640486003646700E369
-6199094093319600E369
-5608538223253400E369
+2186766929647650E369
+1003488419206170E369
-2488772848064710E369
-723280958639640E369
+1656629274966640E369
+4770087947669970E369
-1425377783228710E369
-5928090110971570E369
+7826549847917770E369
+9862557209225810E369
-1290889926440620E369
-838239493539570E369
+8827762859706830E369
+3950632653366090E369
-8352192586658610E369
-653874680845790E369
+2263951669803910E369
+5404904903914660E369
-345282515125680E369
-3199407048546310E369
+8414677057987270E369
+6910207831690550E369
-878769670300610E369
-425542776161970E369
+8205721170250270E369
+1400860601648850E369
-883442129933960E369
-391008550700760E369
+6301703199308910E369
+3085259388521420E369
-52664732516320E369
-2210951913392330E369
+15633300410330E369
+1730423179196940E369
-2317929096322760E369
-7539079552765410E369
+9744028992105690E369
+804910311072890E369
-905315863199980E369
-7584062751954080E369
+4300706914780010E369
+1123985666582530E369
-8762734285941080E369
-735065211973730E369
+7515954657735850E369
+2896343807820E369
-426466992161130E369
-461787525217990E369
+523312448122510E369
+1083196748059630E369
-5627041160811590E369
-591721704715970E369
+9444163365132160E369
+4163481560269470E369
-9420591693850540E369
-380557363436790E369
+8782333420144510E369
+198844512687830E369
-955744710892730E369
-789831032993650E369
+530124939701587E336
+1168689297527393E126
-7491368786058705E34
-862348003727703E364
+200433340785201E178
+621277370017171E-1
-5330079648654799E328
-10440861895197E217
+63037912169637E223
+3382737065048E194
-816037455069757E360
-7499662605901E305
+25710453627358E112
+4610698128420456E86
-674520762057309E38
-4306037032241E4
+5012124276290175E209
+404633732797E96
-1530726461290416E-11
-180123684263E270
+65269871803E279
+5354493529232323E270
-2782372015020933E310
-269025432113356E364
+25152497335916E188
+674748783E71
-21261807E195
-5781011096637627E163
+2688253061028666E13
+4032593887273193E125
-8799011057648936E250
-803173953E279
+9673523E291
+9191554698885164E182
-19817543E38
-7637767E47
+171625051392967E168
+2260912311818148E144
-519287E125
-1490299E42
+1781321349333173E354
+98319E-4
-2362671877686104E55
-5429427718253073E35
+51E124
+2074184907297212E82
-2375975793772672E5
-880515972460961E154
+793558734030133E11
+1053E340
-1819058000269385E332
-3147732026692668E282
+1858543097747094E28
+71E7
-4495886999270564E345
-133E354
+7427062665562435E269
+470276518196138E115
-41E128
-4806817849105648E166
+2704211560680596E165
+180279701111237E313
-9E200
-340405099380284E251
